0.7
0.57
0.56
-0.51
1.59
-0.61
1.72
-0.53
0.02
-0.56
0.88
1.27
1.14
0.47
0.05
0.4
-0.46
-0.06
0.63
-1.07
0.98
1.14
0.9
-0.98
0.15
-0.54
1.02
0.08
-0.27
-0.38
-0.48
0.18
0.93
-0.25
-0.05
0.37
-1.04
0.6
-0.41
0.47
-1.17
0.38
-0.57
0.02
-1.74
-0.4
-0.19
0.05
0
1.9
0.36
-1.46
-0.49
-0.69
-1.19
-0.69
0.39
0.51
-0.99
-0.88
0.59
-0.42
0.07
-0.17
-1.51
1.27
-0.78
0.08
-1.03
-0.06
-1.44
-0.71
0.37
-0.12
-0.48
0.49
-0.99
-1.38
-0.1
-0.53
0.66
-0.64
1.12
-1.63
-1.5
-0.81
-1.36
-0.37
-1.37
0.1
-0.66
0.6
0.31
0.43
0.07
-0.26
-1.34
-0.94
-0.52
0.08
1.53
0.92
0.36
0.57
0
0.6
0.04
1.04
1.04
0.47
-0.41
-0.6
-1.63
0.32
1.08
1.08
-0.87
1
-0.48
-0.49
-0.15
-0.76
-0.61
-0.03
0.82
1.16
0.18
-0.42
0.01
0.27
1.72
-1.43
-0.81
-0.75
0.12
-0.08
0.16
-0.08
0.97
0.36
0.84
0.75
1.26
-1.29
-0.05
0.11
-2.1
1.55
-0.08
-0.81
-0.77
0.95
-0.7
0.61
0.1
-0.33
0.07
-0.29
-1.9
-0.55
0.37
0.6
-0.37
-0.52
-1.39
-0.43
0.56
1.33
-0.99
1.73
0.74
0.13
0.09
-0.65
-0.29
0.73
-0.07
-0.06
0.47
1.1
-0.36
-1.37
0.36
-1.5
-1.46
0.27
-1.2
-1.15
1.15
-0.01
-2.57
0.28
0.8
-0.67
-0.06
-0.71
-0.97
-0.02
-0.12
-2.51
-0.52
1.35
0.09
-1.43
-0.6
0.29
1.41
0.72
-0.49
0.8
-0.42
-2.87
-0.16
1.11
1.04
0.5
-0.79
1.45
-0.65
0.3
-0.64
0.38
0.82
-0.66
1.26
-0.14
-0.81
0.27
0.15
1.68
0.49
-0.71
0.94
-0.22
1.9
-0.51
-0.93
-1.18
0.58
-0.36
-1.06
1.59
-0.47
0.6
1.73
-0.79
-0.66
-1.5
-0.88
-0.19
1.01
1.94
-1.49
-0.13
0.48
0.55
0.42
0.64
0.48
0.23
-0.82
0.36
1.02
-0.75
-0.2
0.41
-0.58
1.45
-0.4
1.09
-1.83
-0.35
0.3
0.67
1.04
0.71
-0.83
-0.77
1.77
-0.22
-0.7
-0.05
-0.44
0.58
-0.02
-0.64
2.18
2.31
1.22
-0.79
1.47
0.38
-0.66
-0.18
-1.05
-0.09
0.63
-0.39
0.54
-0.33
0.25
-0.1
-0.26
1.39
1.14
1.49
0.82
-1.57
-0.26
-1.6
1.86
0.48
-1.19
-0.87
-0.76
1.05
1.27
-0.95
-1.07
-0.11
0.73
-0.18
0.38
1.51
-2.21
-0.85
0.39
1.35
-0.83
1.3
-0.85
1.65
0.05
0
-0.32
-0.85
1.07
-0.7
0.39
-0.12
-1.46
1.6
0.83
0.34
-0.05
1.13
-1.79
0.21
-0.55
0.42
-1.11
0.25
-0.5
0.97
0.96
0.34
-0.01
-1.18
-0.3
1.94
-0.04
-0.45
-2.1
-0.26
1.59
-0.56
1.08
-0.54
0.45
0.49
0.51
-0.47
-1.22
-0.29
-0.34
-0.46
-0.04
1.59
0.46
-1.12
-0.1
1.76
-0.55
0.52
0.38
-0.29
-1.04
1.58
0.39
0.37
0.3
-0.32
0.36
-0.12
-0.91
-1.17
0.92
0.65
0.12
2.78
1.17
0.18
-0.46
-0.41
-1.17
0.31
-0.11
0.13
0.52
-0.06
0.74
-1.23
-1.22
1
0.72
-0.03
-0.38
-0.49
-0.18
0.81
-0.09
-0.23
-0.9
-0.81
-0.22
1.32
1.32
-0.05
1
0.64
1.09
0.46
0.72
-1.2
-0.14
0.58
-1.27
-0.2
-0.09
0.92
-0.37
-0.04
-2.1
0.92
-0.3
1.19
1.42
-1.39
-0.63
1.09
0.8
-1.16
-0.83
-1.36
-0.99
0.92
0.18
0.27
-1.58
-0.15
0.09
0.29
-0.94
1.82
-0.43
-0.23
-0.08
0.73
1.1
1.25
1.04
0.34
-1.31
-0.19
-0.29
0.05
-1.46
-0.76
-0.77
-0.55
-0.42
-0.03
1.99
0.53
1.31
-0.39
-0.53
0.38
-0.07
-0.15
0.85
0.56
1.36
-0.32
-1.57
-1.61
0.61
0.55
-1.38
1.08
-1.38
1.5
1.54
-0.62
-0.61
0.31
-1.19
-0.88
-0.15
-0.09
0.11
-0.87
0.77
-0.65
-0.92
-0.57
0.44
0.55
0.31
0.05
0.23
-0.76
-0.65
-0.65
0.32
0.81
-0.46
-0.57
-0.32
-1.82
-0.46
-1.19
-0.24
0.3
0.55
0.63
-0.61
1.06
0.03
0.55
-0.26
0.04
0.51
-1.28
-0.58
2.12
-0.76
0.06
0.44
-1.01
-0.09
1.79
-1.55
-1.07
0.83
-0.68
1.54
0.79
-0.1
-0.05
0.03
0.57
0.27
0.6
-0.52
0.66
0.39
-1.58
0.57
0.91
-0.43
0.54
0.05
-0.55
0.15
-0.5
-0.08
1.53
0.4
-0.07
-1.49
-0.57
0.2
-2.03
-0.58
-0.13
0.67
0.46
-0.3
-1.56
0.15
-1.62
-0.63
-0.57
-2.6
-0.9
-0.06
0.91
0.88
-0.56
0.1
0.63
0.34
-0.66
-0.28
-2.48
0.17
-1.61
0.32
0.75
-1.34
-0.55
-2.13
0.1
-0.11
0.1
0.27
0.08
0.16
0.51
-0.9
0.8
0.49
-0.95
-0.16
0.3
0.6
-0.39
0.53
1.27
-0.67
0.17
-0.07
-0.71
0.21
-0.25
-0.17
-0.44
-0.03
-0.64
-0.46
0.4
2.81
-0.01
0.97
-0.76
1.01
-0.79
0.03
-0.82
0.21
-0.76
1.63
-0.82
0.82
1.02
-0.29
-2.12
-0.7
0.22
-1.49
0.74
0.41
-1.37
-0.2
1.3
-0.38
0.58
-0.35
-0.08
0.83
1.22
-1.21
-0.93
-0.77
-0.23
-0.4
1.7
-0.33
-0.07
-0.21
-0.65
-0.77
-1.23
0.46
1.96
-1.66
0.16
0.03
0.59
-0.52
0.41
1.81
0.43
0.83
0.47
0.74
0.57
-0.31
0.15
-0.67
0.06
-0.08
-1.18
-1.1
-1.14
0.09
0.93
-1.09
0.4
1.03
-0.37
-0.01
-0.26
-1.34
-1.18
-0.96
-0.39
0.91
1.44
2.6
0
2.3
-0.42
0.69
-0.17
0.51
1.79
1.15
-1.24
-0.51
1.03
-1.53
-1.12
1.35
-0.53
-0.16
0.52
1.45
0.12
1.37
0.06
1.88
-0.27
-0.57
0.62
-0.68
1.64
0.54
1.8
-0.06
0.24
0.09
1.24
-0.34
-1.01
-2.06
-0.49
0.38
0.12
0.34
-0.69
1.51
-0.24
-0.72
0.56
1.28
0.69
0.56
-0.27
1.1
0.07
0.21
1.18
-1.22
-0.94
0.24
-1.22
1.17
1.26
-0.18
-1
2.58
-0.86
1.35
-0.87
-0.28
0.65
-0.72
-0.37
-1.62
-0.68
0.46
0.09
0.31
-0.23
-0.55
0.34
-0.86
-0.13
-0.76
-0.06
2.2
0.43
1.61
0.57
0.33
3.53
-0.11
-0.93
-0.45
0.44
-1.43
-0.52
-0.89
0.56
0.81
-3.02
-0.61
2.15
0.74
0.36
-1.18
0.22
-1.75
-0.39
0.53
1.82
-0.57
-1.5
0.64
0.89
-1.3
0.17
0.7
0.62
-1.06
-1.85
1.59
-0.11
1.1
-2.07
0.7
0.18
0.12
-0.37
-0.12
0.69
0.5
-1.98
-0.05
0.26
1.98
0.13
1.1
0.46
0.43
0.26
-4.62
-0.74
-0.66
0.83
0.57
0.57
1.79
-2.05
-0.93
0.36
-0.61
0.63
-0.98
0.83
0.03
0.57
-1.87
1.61
0.93
-0.28
1.26
-0.48
-0.22
0.44
-0.05
-1.33
-1.01
0.02
-1.17
0.86
1.28
0.6
-1.09
-0.18
-0.12
-0.93
-1.22
-0.45
1.17
0.41
-1.05
1.39
0.02
-0.54
-1.49
0.2
-0.48
-0.39
0.85
1.13
-2.71
-1.28
-2.26
-0.17
0.22
-0.4
0.13
-1.99
-2.37
-0.2
0.76
-1.92
-0.35
0.08
-2.23
-1.1
0.51
0.08
-0.16
-0.87
0.19
0.92
0.26
-0.34
-0.5
-1.71
-0.67
0.73
0.05
1.03
-0.4
-0.76
1.31
0.48
-2.01
0.03
-1.11
0.12
0.93
0.6
-1.38
-1.09
0.95
-0.07
1.52
0.84
0.67
-1.22
-1.67
-1.2
-0.73
0.82
-0.13
-0.62
-0.44
-0.81
-1.45
-0.83
-0.29
0.27
0.65
2
0.57
-1.67
-0.65
-0.44
-1.1
-0.26
-1.28
0.14
0.56
0.84
0.48
-0.93
-1.1
1.19
-0.07
1.45
-1.44
-1.71
-2.08
0.6
-1.59
-0.45
0.32
-1.58
0.68
1.96
0.92
-0.18
-0.69
-2.32
-0.93
0.75
-0.64
0.13
-0.33
-1.02
-1.19
-0.25
-0.66
-0.06
-0.75
1.22
-0.17
0.29
0.09
-0.34
-0.68
-0.58
-0.36
-1.07
-0.7
0.49
0.35
-0.02
-0.16
-0.24
1.8
-0.32
-1.05
0.41
-3.56
0.96
0.23
1.74
0.38
0.38
-0.23
-0.78
-0.25
-1.03
-0.42
0.75
-0.76
-0.75
1.49
-0.06
1.55
0.59
-1.48
-1.06
-0.11
-1.2
-0.81
-0.76
0.49
1.9
1.29
1
-1.21
-1.18
-0.29
0.82
2.44
-1.24
0.06
0.29
0.21
-0.33
-0.07
0.05
1.2
1.18
-0.36
-0.38
0.92
1.07
-0.63
-1.24
0.9
0.38
1.34
0.65
-0.95
-1.5
-1.9
0.51
0.43
-2.12
2.28
-0.93
-1.48
-1.16
-0.07
-1.63
-0.67
-0.48
-0.71
0.27
0.15
3.09
0.5
0.1
2.23
-1.03
0.27
-0.37
-0.28
1.66
-0.6
-0.54
0.06
-0.64
0.79
-0.37
-1.24
1.56
-0.02
0.09
1.42
0.72
-2.3
3.81
0.12
-1.89
-1.12
0.64
0
0.22
-0.44
0.38
-0.13
1
1.26
-1.73
1.38
-0.43
0.05
-0.58
0.52
-0.6
-0.89
-0.49
-1.68
-1.54
-0.38
-1.34
-0.37
-1.87
-0.31
-0.45
-0.77
-0.05
-0.48
-1.08
1.71
0.37
-0.74
0.75
-1.22
0.32
-1.4
0.04
-1.28
-1.62
-1.15
1.97
0.52
-0.66
1.42
0.03
1.7
-1.58
0.13
0.31
-0.43
-0.92
2.2
-0.34
-1.12
-1.07
-0.7
0.36
0.08
-0.45
0.78
-1.84
0.45
0.57
0.08
-0.75
-0.62
-0.68
0.9
-1.31
-0.57
-1.28
-0.73
0.04
-0.47
0.04
-0.28
1.52
-0.32
0.87
0.55
-0.37
0.81
0.12
1.02
-0.42
-1.32
-0.02
1.9
1.34
-0.26
-0.42
0.67
1.16
0.03
0.67
-0.22
-0.55
0.96
0.5
-0.76
-1.03
-0.54
1.37
1.33
-0.95
-1.68
-0.96
-0.89
-1.18
-1.57
-0.85
-0.51
-1.74
0.09
0.25
0.58
-0.39
-0.4
0
1.38
-0.74
-0.83
-0.94
0.41
1.32
0.84
-0.74
-0.31
-1.61
1.37
1.32
1.67
0.56
2.13
0.66
-0.21
0.29
-0.19
-0.07
-0.51
-1.4
-0.93
-2.79
0.51
-0.54
0.32
-0.75
1.65
1.11
-0.42
1.47
-1.22
0.43
0.69
0.62
-0.75
1.34
-1.2
-1.53
-0.89
0.81
-1.48
0.48
0.68
-0.87
1.41
0.14
-0.15
3.12
-1.52
0.56
0.38
0.36
0.9
2.23
-0.46
-0.32
1.28
0.28
-1.6
-0.36
0.12
0.04
-0.81
-0.65
0.6
-0.54
0.82
1.89
-2.09
-1
0.13
0.16
-1.32
0.83
0.52
0.45
0.11
-1.75
-1.67
0.29
-0.68
0.61
-0.34
-1.39
0.97
-0.83
-0.2
0.23
0.21
1.21
1.39
1.01
1.31
0.58
-0.32
0.5
-1.55
-0.14
-0.73
-0.74
1.69
-0.3
1.84
-0.75
-0.07
-0.82
0.52
1.1
-2.76
1.11
-0.11
0.2
-1.87
-0.76
0.27
0.01
-0.07
2.26
-1.12
-1
0.06
0.62
0.28
-0.07
-0.45
0.09
-1.04
-1.13
-1.8
-1.06
-0.25
-0.31
-1.54
1.41
-0.11
0.34
-0.76
0.54
-0.96
-0.67
0.96
0.09
-1.49
0.23
-0.9
-2.43
0.23
1.61
0.4
0.51
-1.29
0.48
0.45
0.66
0.65
-0.81
-0.45
-0.16
-0.58
-0.76
-1.25
0.13
-1.52
2.43
-1.75
-0.9
1.14
0.84
-3.97
-0.3
-0.61
1.3
-0.2
-0.19
-0.97
-0.56
0.46
-2.27
-1.25
-1.58
0.54
1.83
-0.06
1.04
-1
-0.99
-0.9
0.83
1.53
1.92
0.14
-0.16
0.93
-0.76
-0.8
-2.74
0.61
0.65
1.68
0.67
-0.47
0.55
-0.19
-0.33
-0.18
-0.7
-0.41
-0.96
-0.3
-0.07
-0.3
0.24
-0.4
-0.01
-0.89
2.97
1.69
-0.74
1.55
-1.7
-0.11
0.54
-1.24
-0.18
-0.28
0.64
1.67
1.65
0.02
0.06
-0.34
2.17
0.5
-1.23
-1.86
-1.26
0.18
1.11
-0.79
0.25
-0.59
-0.31
-0.66
-1.77
1.58
-0.34
-0.16
0.39
-2.01
-0.97
0.45
-0.69
-1.48
-1.06
0.67
-0.39
2.15
0.34
1.2
0.15
1.15
0.12
-1.22
-0.69
0.42
0.98
-0.92
-0.38
-0.26
-2.25
-1.04
-0.7
-0.06
0.13
-0.13
0.68
-0.85
0.26
-0.12
2.13
0.31
0.81
-0.78
0.34
1.77
1.62
-0.56
0.75
-0.83
-2.16
1.6
-0.73
1.42
-0.15
0.46
-0.13
-0.99
0.46
-1.17
0.21
0.43
-1.03
0.79
1.03
1.75
-0.21
0.21
0.31
1.24
-1.06
-0.94
0.36
1.35
-0.12
1.85
0.25
1.67
0.4
0.33
0.77
-0.09
-1.25
0.85
0.79
0.71
-0.51
1.68
0.33
1.19
-0.85
0.26
-0.53
-0.08
-0.88
0.54
-0.09
-1.78
1.59
-0.03
-1.01
-1.01
0.86
0.21
0.26
-0.11
0.67
-0.12
0.54
-0.03
2.54
-0.91
0.54
-0.3
-0.63
0.94
-0.03
-1.15
0.64
-0.26
0.44
1.11
0.24
-1.24
-1.89
-1.11
-0.61
-0.81
-1.19
1.32
0.6
-0.18
0.02
0.43
-2.32
1.04
-1.53
0.01
-0.07
-0.31
-0.68
0.17
0.11
0.38
0.49
0.04
0.8
-0.45
1.08
0.96
-0.41
0.35
-0.75
-0.73
-1.09
-0.06
-0.6
0.09
-0.17
0.64
-1.37
1.26
0.2
-0.88
-1.65
-0.66
-0.27
0.54
1.5
1.31
1.23
1.14
-1.66
1.24
-0.36
-0.33
0.69
-1.01
-0.82
0.77
0.13
2.34
0.97
-0.18
-0.71
-1.37
-0.82
-2.21
-0.58
0.57
-0.68
0.56
0.03
-0.38
0.13
1.04
2.54
0.3
1.35
-1
-2.09
-0.68
-0.77
-0.3
0.81
1.5
-0.21
-0.63
0.26
0.84
-0.07
-0.7
1.21
2.33
0.22
-0.22
-1.89
-0.42
-0.71
1.17
1.82
-0.84
-2.07
0.76
0.3
-1.1
1.41
0.36
-0.6
-0.39
-0.3
-0.56
-0.87
1.48
-0.76
0.17
0.84
-1.25
2.47
-0.56
-0.29
0.96
-1.61
0.51
-1.7
-0.44
-0.25
0.17
-1.94
1.25
0.48
0.2
0.35
0.83
-1.9
1.16
-0.3
-0.39
-0.87
-1.36
-2.58
1.45
-0.83
0.11
-1.2
0.51
0.65
-1.54
0.83
1.2
-1.52
2.33
-1.13
0.38
1.19
-0.86
1.72
-0.57
1.56
1.2
1.33
-0.35
-0.82
1.12
0.93
-0.53
1.1
0.3
-0.04
1.28
0.36
0.16
-1.12
0.6
1.24
-0.75
0.2
-0.18
0.26
0.12
0.44
1.8
-0.06
1.3
-0.07
-1.4
0.07
0.66
0.87
-0.08
-0.61
-0.54
0.05
-0.48
0.8
-0.97
0.21
0.9
-0.08
-1.14
0.48
0.4
1.29
0.07
1.68
-0.46
-0.12
-0.53
-1.41
2.3
-0.62
0.21
-1.27
2.92
0.16
-0.08
-1.61
0.85
-0.62
-0.87
0.48
-0.66
-1.34
0.53
1.61
-0.27
-0.64
-0.69
-0.63
0.41
1.86
-1.52
-1.11
-0.53
0.45
-0.03
0.68
-0.33
-0.07
-0.26
-0.75
-0.95
-0.39
0.99
-1.12
-0.95
0.73
1
0.32
-0.34
0.63
-1.01
0.32
1
-0.56
0.35
0.96
-0.16
-2.98
0.65
-0.1
-0.39
0.58
0.41
0.16
1.3
-1.7
-1.38
-0.34
-0.5
-0.59
-0.63
-1.3
-1.06
-0.75
-1.82
-1.84
-1.18
-0.51
2.03
-0.72
-1.57
0.27
-0.49
-0.89
-0.77
0.47
0.46
0.84
0.21
-2.81
-0.26
-0.93
0.04
0.9
0.07
0.19
-0.61
-0.27
0.51
0.4
-0.3
0.01
-0.29
0.42
-1.52
-0.03
-0.08
-0.62
-0.12
-0.56
-1.69
-0.32
-0.11
-0.07
0.27
-0.44
-0.41
0.08
0.44
0.03
0.51
-0.2
-0.39
-0.75
0.75
0.26
-0.1
-1.49
0.99
1.91
-2.17
-1.77
-1.26
-1.13
1.25
-0.25
-0.43
0.78
1.55
-0.46
2.48
-0.9
0.58
0.27
0.15
-0.94
-1.18
-0.37
0.4
-0.58
1.75
-2.05
1.63
0.22
-0.64
-0.58
-1.31
-1.89
-1.14
-0.09
-0.79
2.06
0.38
0.79
0.21
-2.93
1.85
-0.48
-2.33
-0.44
-0.72
-1.02
-1.56
-0.2
-0.05
-0.62
-0.12
-1.41
0.65
1.64
0.16
-2.45
1.14
1.15
-0.91
-1.95
-0.33
-0.6
0.67
1.51
0.23
0.83
-0.64
-1.74
0.09
-0.14
-0.7
1.4
-0.3
-0.85
0.26
-0.39
-1.5
0.81
-1.46
0.22
0.65
0.42
-1.68
1.94
0.95
-0.75
0.57
-0.08
-0.18
1.29
-0.89
-0.05
-0.28
-1.33
-0.36
0.25
-2.05
-0.14
0.47
0.01
0.44
1.2
-0.9
0.99
0.98
-0.18
0.62
-0.73
1.57
-0.33
1.86
-0.88
-0.13
1.56
2.11
-0.51
1.52
2.67
0.52
-0.45
0.42
-0.44
-1.26
-0.56
1.34
2.22
-0.76
-0.58
-0.57
0.19
-0.64
-1.36
0.37
1.94
-1.8
-0.47
-0.39
-0.09
-0.36
-1.06
0.05
-0.05
-0.87
1
2.27
1.1
-1.8
1.29
-0.92
0.76
-0.51
1.65
-2.81
1.53
0.65
0.7
-2.35
0.51
1.62
-1.29
-0.26
0.95
-0.99
-0.46
-0.12
-1.2
0.71
-0.23
-0.28
0.25
0.82
-1.18
-0.55
0.21
1.06
-0.05
-0.97
1.78
0.51
0.5
-0.69
0.68
0.77
-1.13
1.45
-2.8
1.49
-0.53
0.35
1.32
-2.01
-1.5
-1.28
-2.13
0.56
0.79
1.27
1.31
1.2
0.06
0.98
0.98
0.01
0.18
0.03
0.85
-3.19
0.57
0.42
2.09
0.3
0.62
0.26
-0.3
-0.77
0.21
0.89
-1.19
-1.6
0.32
-1.19
0.22
0.19
-1.85
-2
0.27
-0.8
0.91
1.85
-3.6
-1.93
0.49
1.62
1.6
1.71
1.54
1.2
-0.17
-0.02
0.33
1.03
-0.11
2.34
1.18
-0.03
-2.33
-1.44
0.16
-2.33
0.4
1.31
0.27
0.67
-1.13
-1.64
0.87
0.13
0
-0.62
0.03
3.03
-0.67
-0.92
-1.72
-0.34
-0.54
0.25
-0.09
-0.21
-0.48
1.02
-0.52
0.36
-1.83
0.61
-0.02
-0.04
1.76
-0.4
-0.61
-0.69
0.93
0.49
-0.57
-1.46
-1.43
-0.82
-0.93
-0.04
0.36
0.71
-0.06
-0.87
-0.24
-1.47
-0.82
-0.26
1.03
-1.02
-0.7
1.9
-0.21
-0.2
-0.05
-0.55
0.76
-0.5
-0.29
-0.09
0.14
-0.79
0.76
-1.24
-1.17
0.1
-0.85
1.52
0.55
0.38
1.08
-0.17
-0.71
-1.31
0.27
-0.38
-1.56
-0.14
1.01
1.62
-0.57
0.21
1.1
-0.94
-1.48
-0.98
-0.13
-0.32
-0.28
-1.23
-0.68
-0.32
0.16
0.63
-0.94
0.47
1.12
0.36
-0.43
0.42
0.81
-0.91
0.57
-0.32
1.02
1.05
-0.51
-0.5
0.5
-1.36
-0.15
-0.48
2.34
0.74
-0.11
-0.71
-0.22
0.29
0.29
-0.01
1.8
0.28
-1.62
-0.22
0.35
1.87
-1.21
-1.29
0.06
-0.61
-0.66
1.23
-0.34
-0.27
-0.13
-1.78
-1.17
1.18
-0.27
-1.13
0.34
1.59
-0.26
-0.3
0.48
-0.52
-1.05
-0.81
-0.71
0.95
0.73
-0.76
-0.29
-1.09
0.6
-1.8
0.68
-0.51
-0.28
-0.68
0.59
-1.77
-0.49
0.76
2.01
-0.51
0.2
1.03
-2.45
0.3
0.7
1.93
-1.79
1.72
0.07
-0.91
-0.06
-1.31
-0.46
-1.86
0.58
-1.39
-0.53
-1.15
-1.1
-2.68
0.89
1.93
1.1
-0.95
0.54
1.07
-1.19
0.75
-1.01
0.51
1.56
0.84
0.98
1.02
-2.02
1.88
0.11
2.05
-0.75
0.17
-0.16
0.92
-1.16
-0.04
0.14
-0.84
-0.6
1.05
1.77
2.13
-0.44
-0.83
-1.48
1.14
0.48
1.38
0.78
-1.74
-0.92
0.88
1.06
-1.41
0.36
1.23
-0.07
0.19
0.71
1.05
0.07
-2.47
-1.02
0.64
-0.77
-0.12
-2.53
0.04
-0.09
0.19
-0.94
-1.91
-1
0.21
-0.62
-0.65
-0.55
0.14
0.43
-0.06
0.7
-0.72
0.41
-0.74
1.96
0.27
1.08
0.89
-0.38
0.56
0.76
0.76
-0.19
-1.1
0.52
-1.37
-0.4
0.1
0.91
-1.82
0.31
1.29
0.79
1.07
-0.08
3.4
1.01
1.39
2.03
-0.47
0.49
-0.84
-1.12
0.58
0.7
0.54
1.68
-1.24
0.14
-2.3
0.06
0.22
-0.05
-0.64
1.12
-0.18
-1.05
1.01
-1.42
0.69
1.67
1.83
-0.27
-1.08
1.28
-1.54
1.09
0.63
-0.9
-1.13
-1.66
1.86
-1.2
1.95
0.09
1.06
0.23
0.09
-1.28
-1.5
-0.57
0.74
-0.45
1.14
0.47
-1.31
-0.12
-0.34
0.94
0.42
-0.33
-0.83
-0.5
1.28
-1.59
0.42
-0.83
0.17
-0.64
0.12
1.85
0
-0.37
-0.18
-1.04
-0.02
-0.16
-0.96
0.55
1.09
-1.07
0.15
-0.58
0.44
-0.79
2.25
2.1
-0.48
-2.57
0.42
1.32
-1.91
0.85
-0.03
-1.01
0.63
0.62
0.93
-0.76
0.62
1.02
-0.21
-0.06
0.56
-0.97
1.78
2.94
-0.31
-0.57
2.37
-0.84
1.22
2.07
0.02
0.37
-0.18
-0.26
-1.01
1.87
0.3
0.4
-1.29
0.36
0.05
1.3
-1.66
-0.64
-0.01
-0.15
0.52
-0.96
0.81
-0.47
0.07
-1.62
0.49
0
0.24
0.91
-0.69
0.81
-0.61
0.12
-2.1
0.9
-0.46
-0.69
-1.25
1.16
-0.26
-0.02
0.45
-0.45
0.47
-0.76
-1.26
-0.67
-1.13
-0.56
-1.08
0.12
0.9
0.08
-0.72
-1.71
1.25
1.72
2.79
-0.02
-0.31
0.88
1.12
-1.47
1.87
0.25
0.35
-0.32
-0.36
1.37
0
-0.62
-0.33
0.34
0.28
0.77
0.35
-0.85
-0.07
-0.28
-0.56
1.62
-0.68
0.76
-1.1
0.81
-1.53
-1.1
0.72
-0.34
0.18
-0.21
0.67
-0.18
-0.44
1.79
0.01
0.64
0.59
-1.32
-0.21
-0.43
-0.36
-0.1
-0.56
0.39
0.61
-0.46
-0.19
2.49
-0.14
-0.28
0.6
0.17
1.07
1.43
0.2
-0.05
-0.35
0.26
-0.16
0.62
-0.84
1.54
0.02
-1.23
1.27
-0.84
0.29
-0.98
0.36
0.53
1.4
2.19
-0.48
-1.32
-0.94
2.55
1.08
-1.46
-2.23
-2.35
-2.12
-1.48
1.45
1.69
-0.88
0.38
-1.26
-0.77
-0.13
-0.45
-0.44
-0.73
1.22
-0.86
1.05
0.18
-0.39
-1.02
-0.17
-0.39
1.72
-1.23
0.66
0.78
-0.25
0.55
0.02
0.7
1.98
0.09
0.17
-1.02
-1.3
2.05
0.49
-1.23
-1.16
-0.61
0.54
-0.22
0.83
-0.5
-0.1
0.86
-0.53
-0.31
0.8
0.07
-0.14
0.35
-0.75
1.44
0.88
-0.09
-0.54
-0.06
0.42
-2.09
-0.25
-1.51
0.81
0.74
-0.46
0.33
-0.51
-0.43
-0.17
1.05
2.16
-1.6
-1.67
-1.08
0.73
-0.6
0.81
0.63
0.07
-0.38
1.44
-0.05
-0.86
-0.7
-0.39
-0.42
-0.63
0.48
1.25
0.33
0.94
0.28
0.22
1.89
1.13
-0.64
0.02
-0.65
1.57
-0.9
-1.23
-0.15
-0.83
0.3
0.91
-1.36
0.31
1.77
0.74
1.31
0.45
0.14
0.13
0.97
0.24
-0.48
-1.01
-0.14
-0.09
0.58
0.61
0.21
2.33
-0.6
-1.51
0.19
-1.72
-0.96
0.21
-1.08
-0.53
0.31
-0.64
0.03
-1.03
0.08
0.45
-0.64
0.69
-0.67
0.35
-0.23
-1.63
1.07
-1.75
-0.22
0.6
-1.15
2.28
-2.13
-0.95
0.43
-0.01
-0.97
-2.26
1.17
-0.69
-0.13
0.99
-0.7
-0.58
-0.66
0.44
0.08
-0.65
-1.53
0.96
-0.09
0.27
0.58
-0.84
0.63
-0.04
0.96
-1.32
0.34
0
0.68
-1.55
-1.41
0.37
0.86
-0.54
-1.19
-0.7
-0.22
-1.29
2.05
1.05
1.41
-0.65
-0.18
-1.33
-0.58
1.98
1.62
-0.09
-1.63
2.05
0.09
0.61
0.28
-0.09
0.45
-0.76
0.29
0.25
-0.89
1.02
0.68
-1.02
-1.52
-0.58
-2.33
-0.87
-0.11
0.55
1.03
-0.12
-1.1
0.47
-0.77
0.18
0.07
0.24
-0.31
-2.09
1.64
-0.11
-2.21
-0.81
2.22
-0.04
-0.67
0.29
-0.41
0.24
0.94
-0.38
-0.41
0.97
-0.75
0.07
1.14
0.1
0.49
-0.96
-0.71
0.72
1.25
0.11
-0.78
-1.86
-0.38
0.46
-0.28
0.82
0.28
2.5
-0.7
-1.95
0.56
-0.27
-0.37
1.02
-0.82
-1.89
-1.04
0.26
-0.8
-1.22
0.38
-0.6
-1.08
1.06
1.04
-0.58
-0.13
1.1
-0.81
0.51
-0.01
-0.46
0.72
-0.24
0.9
-0.35
-0.58
0.06
2.08
-0.79
0.05
0.37
0.66
-0.44
-0.22
0.76
1.7
-1.77
1.72
0.59
1.62
-0.16
0.14
-0.39
0.01
0.54
-0.43
-0.68
0.28
-0.17
-0.15
0.68
0.99
0.37
0.76
-0.03
0.83
-0.05
0.85
-1.04
0.91
0.43
-0.11
1.66
-0.77
1.73
-0.07
-0.69
-0.25
-0.37
-1.15
-0.65
-0.76
-0.39
0.5
0.4
1.57
-1.15
0.5
0.78
-0.3
0.39
2.07
-0.71
-0.78
-1.14
-0.78
1.48
-0.27
-1.67
-0.47
-0.32
2.48
0.39
1.44
1.49
0.15
2.8
-1.4
-0.35
-0.08
1.75
-0.59
1.13
-0.59
-0.43
-0.35
0.39
-2.41
0.52
-0.08
-0.59
-0.51
0.56
0.03
-0.75
1.06
0.67
0.71
-1.77
1.21
-0.62
1.15
0.17
0.06
-0.85
-0.19
-0.41
-0.82
0.01
-0.27
-0.24
0.36
-1.28
0.29
-0.69
-0.82
0.39
-0.97
1.6
1.01
-1.11
-1.36
3.57
0.51
0.26
0.67
0.49
-1.27
-1.6
0.18
-0.28
-1.83
0.46
-1.02
-0.82
1.24
0.49
2.86
0.65
-0.41
-0.83
-0.3
-0.72
1.04
-1.07
0.36
-0.08
-0.35
-0.89
1.21
-0.59
0.73
1.54
-1
-2
-0.56
-0.99
-0.45
-0.17
-0.88
-0.35
-0.12
-0.63
0.8
-0.32
0.47
-0.57
-0.63
-0.8
-0.7
1.5
-0.32
-1.28
0.04
-0.45
1.38
-0.15
-0.35
-0.36
-0.52
0.14
1.75
-0.26
-0.96
-1.84
-1.89
0.97
1.3
0.14
-0.59
0.1
-0.63
0.19
-0.29
2.2
-1.21
0.01
-0.7
0.48
1.38
-0.11
0.18
-1.27
-1.82
-1.31
0.93
0.56
0.18
-1.83
0.08
-0.04
-0.93
0.72
0.8
0.14
-0.65
-0.3
1.78
-0.87
-0.93
-2.36
-1.87
-0.41
-0.21
-1.85
-2.74
0.14
-0.29
-1.59
0.57
0.44
0.13
0.43
-0.08
-0.57
0.94
-0.35
-1.17
-0.36
1.87
-0.6
-0.56
-2.24
0.52
0.51
2.24
-0.89
1.58
1.74
1.26
-0.38
0.69
0.17
0.21
1.54
0.33
-0.49
0.71
0.47
0.15
-0.28
-0.54
0.74
-0.37
-0.67
0.87
0.59
1.52
-0.38
-0.15
0.34
1.31
-0.17
0.04
-1.27
0.36
1.93
0.28
-1.84
1.07
0.57
0.18
0.28
0
0.2
0.95
-0.12
0.35
-0.67
0.39
0.93
0.54
-2.01
0
-0.17
-0.33
1.25
-0.24
0.43
-0.04
0.93
-0.45
-0.43
1.83
-1.08
-1.72
0.59
-0.09
-0.3
-0.3
0.11
0.03
1.26
-1.15
0.39
0.11
1.47
0
-0.61
-0.82
-1
-0.83
1.65
0
2.14
-0.08
0.79
-1.19
-0.91
1.95
0.28
1.48
1.51
0.39
-1.69
0.83
0.18
0.38
0.62
-0.95
0.65
0.26
-0.64
-2.07
1.49
-0.27
0.05
0.61
-0.34
-1.41
-0.73
0.29
1.83
0.72
2.75
-0.24
-0.49
0.78
-0.17
0.84
1.25
-0.86
1.34
-1.9
-0.63
-1.01
1.08
-0.6
-0.01
-0.65
-0.22
-0.76
-0.21
-0.09
1.31
0.92
0.96
-0.11
1.85
-0.17
-1.12
-0.62
0.3
-0.68
0.48
0.3
0.4
0.93
-0.37
0.63
0.79
0.36
0.73
-0.3
0.06
-0.11
-1.61
0.65
0.18
-1.73
1.27
0.6
-0.76
-0.63
-0.62
0.39
-1.53
-0.15
0.15
2.8
-1.25
0.36
1.41
1.06
-1.42
-0.78
0.69
-0.7
0.91
-2.06
-0.34
-0.75
1.44
1.48
0.91
-0.56
-0.8
0.72
-0.05
-0.36
1.01
0.59
0.35
0.03
1.7
-1.08
-0.96
-0.5
-1.16
0.21
-0.16
-0.77
0.13
0.19
-1.49
1.9
0.7
0.45
-0.33
1.21
-0.91
0.24
0.57
-1.12
-1.93
-0.83
-0.95
0.46
1.73
-0.28
2.67
-0.77
0.64
-0.03
-1.16
-0.46
-0.75
0.7
1.84
0.36
0.91
0.31
3.09
-2.19
-0.42
-0.4
-0.06
0.28
-0.09
-0.62
-0.57
1.49
-1.09
-1.35
-0.15
0.41
0.7
1.28
1.64
-0.13
0.54
-0.99
0.35
-1.12
-1.78
0.69
0.87
0.81
-0.95
1.19
0.57
0.22
-0.26
3.07
-0.66
0.14
0.21
-0.72
-1.67
0.01
-0.13
0.41
-1.37
0.12
0.13
0.74
1.11
0.87
0.04
-1.52
-1.73
1.27
0.39
0.9
0.78
-1.31
0.82
0.66
-0.62
0.76
-0.85
0.85
-1.17
0.67
1.48
0.85
1.07
0.28
1.14
-0.54
-0.58
-1.34
-1.14
-0.34
0.53
-0.77
-0.33
-0.43
-0.56
-1.02
1.1
0.36
-0.02
0.19
1.49
0.86
1.51
-0.86
-0.53
0.78
1.22
-1.02
-0.91
-1.02
0.97
-0.67
-0.04
-0.73
0.62
-0.46
0.55
2.27
1.34
-0.25
1.44
-0.48
0.06
-0.9
-2.06
0.27
0.77
-0.71
-0.39
-1.22
0.3
-0.11
1.61
-0.83
-0.25
0.21
0.07
0.62
-0.04
-0.11
0.73
0.96
0.61
-0.69
-0.08
-0.83
0.78
-0.6
0.33
1
-1.55
0.87
-1.76
0.94
1.25
-0.69
1
0.29
2.17
-0.36
-0.97
0.03
0.14
-1.08
0
0.15
-0.53
2.14
1.08
0.23
1.05
-0.83
-0.03
0.6
-0.27
-1.98
-1.59
-1.36
-0.23
-0.8
-1.56
1.6
-0.57
-2.38
-0.53
-1.15
-0.37
0.21
-0.61
-1.34
0.81
-1.17
1.17
-1.35
0.33
1.27
0.78
0.43
1.24
-0.97
-0.1
0.08
1.03
0.13
-0.84
-0.77
-1.51
-2.8
0.3
0.51
0.04
-0.79
-1.24
0.96
0
-0.35
0.77
0.14
-0.69
-1.13
-0.44
-0.82
1.65
0.41
1.67
-1.6
-0.61
-0.29
-0.99
0.73
-1.75
0.41
-1.95
0.37
0.01
-1.06
-0.89
0.41
0.55
-0.64
0.88
1.64
-0.96
1.02
1.25
-1.1
-0.45
0.57
0.37
-0.49
-0.01
1.74
1.01
0.56
1.11
1.27
0.84
0.68
-0.12
0.35
0.06
1.43
-0.76
1.87
-0.13
-1.06
0.06
-0.63
-0.38
0.62
0.79
0.94
-0.7
-0.2
0.08
0.05
-1.03
-0.29
-0.6
0.11
0.54
0.8
-2
-2.18
1.45
0.57
0.66
0.11
0.27
0.62
1.25
-1
-1.06
-1.95
-0.7
0.59
-0.44
1.34
-0.41
-0.25
-1.41
-0.6
0.74
1.09
-1.09
0.76
-1.34
-1.44
0.58
0.64
-0.11
0.46
-0.8
1.81
-0.13
2.47
0.01
-0.84
-0.96
-2.57
2.01
0.53
-0.71
-0.87
-0.29
0.09
0.8
1.36
-1.77
1.73
-0.61
-0.55
-0.12
-0.51
0.42
-0.36
-0.87
-1.41
0.3
-0.35
-1.39
-0.28
-0.79
-1.44
-1.21
0.83
-0.2
-1.92
-0.29
-0.76
0
0.7
1.59
-0.84
-0.2
2.88
1.38
-0.51
-1.14
-1.16
-1.59
-1.43
-0.02
-1.3
1.09
-1.98
0.88
-0.56
-0.71
-0.76
-1.2
-0.88
-0.7
-0.71
-0.59
-0.36
0.64
0.49
-0.08
0.36
-0.33
-0.51
-0.04
-0.06
1.75
-0.4
-2.06
-0.61
0.62
0.93
0.34
-2.61
0.04
-1.45
0.36
0.65
0.38
-0.35
0.35
-0.34
1.8
-0.22
-0.75
-0.9
-0.17
-0.09
-1.18
-0.3
-0.12
-1.01
-0.28
-0.08
2
-1.38
0.44
0.75
0.09
-2.12
1.3
0.66
-0.63
0.01
-1.59
0.3
0.37
0.59
-1.34
-0.11
-0.84
-0.01
-2.44
-0.64
0.54
0.5
1.48
0.56
1.18
-0.07
1.22
1.78
-0.06
0.33
1.53
-1.14
-0.55
-0.92
-0.07
-0.89
0.5
0
-0.36
-1.06
-0.13
-0.15
-0.61
-1.19
-0.05
-0.5
0.28
-2.3
-1.15
0.72
1.01
-0.12
1.34
1.27
-0.7
-2.64
0.89
-1.13
0.82
-0.31
0.01
-0.08
0.06
0.95
-0.54
0.71
0.38
1.33
-0.98
0.68
-1.86
-0.28
-0.65
-0.86
0.42
2.27
-1.47
0.08
1.13
0.25
0.08
1.5
-0.24
0.8
0.33
-1.23
-0.83
-0.29
1.84
0.56
1.03
0.7
1.43
-0.32
-1.2
-0.06
0.86
-0.87
-0.16
2.31
-0.33
0.13
-0.62
0.99
-0.06
-0.35
0.46
-0.45
-0.25
0.71
0.01
0.52
0.32
-0.3
-1.2
0.03
-0.31
0.54
-1.55
0.02
0.27
0.81
-0.61
0.47
0.05
0.6
0.82
1.74
0.02
-0.98
-0.02
0.07
0.59
-0.46
0.73
-1.23
-0.85
-1.69
-1.08
2.73
-1.07
0.34
0.47
-0.7
-0.22
1.36
-1.27
0.11
0.43
-1
-0.08
-0.01
-0.5
0.95
-0.29
1.66
0.46
-0.51
-0.07
-2.11
1.06
-0.33
0.7
-0.19
-0.62
-1.21
-1.01
2.66
0.48
-0.16
1.87
0.87
1.35
-0.06
0.15
-0.14
-0.83
1.7
-0.61
-0.68
-1.24
1.14
0.24
-1.95
2.14
0.22
-0.93
-0.1
2.43
-0.5
1.73
-0.62
1.87
-0.61
1.33
-0.97
-0.05
-0.04
-0.11
1.45
1.17
-0.49
1.22
0.71
-0.13
1.49
-0.42
0.19
0.51
-0.87
0.01
0.76
-1.81
-0.69
-0.63
-0.78
0.11
-0.43
0.9
-0.28
-0.03
0.36
-0.33
2.83
-0.7
-0.8
0.7
-1.7
-0.39
0.89
0.92
1.03
1.08
-1.09
-0.56
0.9
-0.03
-0.19
1.75
0.13
-0.5
-0.05
0.89
-1.61
-0.5
1.01
-0.07
0.25
0.11
1.18
-0.88
-0.24
-1.42
-0.23
2.28
-1.07
1.78
0.19
0.03
-1.99
0.01
-0.03
0.49
-0.06
-1.66
-0.1
0.74
0.46
0.16
1.43
-0.98
1.43
1.34
1.01
0.18
-0.11
0.07
1.04
-0.85
1.37
-1.03
-0.32
-1.74
0.52
0.68
-0.28
-1.97
-0.16
-1.26
0.3
1.18
-0.88
-0.83
-1.5
0.12
-0.71
0.19
0.97
-1.03
-0.16
-0.74
1.41
-0.52
-2.57
1.81
0.52
0.43
-2.13
-0.54
0.45
-1.03
-0.48
1.4
-0.49
0.08
0.85
-1.09
-0.45
0.05
0.59
-1.67
-0.81
-0.85
0.29
-1.93
-0.2
0.79
1.61
-0.28
0.03
-0.84
-0.02
0.7
1.29
0.29
0.8
-1.14
0.35
-0.4
-0.28
-0.95
1.04
-1.22
1.35
0.81
0.99
0.87
-0.17
1.9
-0.67
-0.57
-0.3
-0.21
2.04
-1.03
-0.77
0.39
1.96
-1.33
-0.12
-0.66
-1.12
-0.12
-0.31
-1.61
-0.6
-0.7
1.64
-0.53
-0.92
0.67
0.37
-0.47
0.78
1.11
-2.06
-1.34
0.87
0.46
0.58
1.31
0.4
0.85
0.31
-1.16
-1.61
-0.98
-0.95
1.04
-1.71
-2.21
-0.23
-1.01
1.84
-0.83
-1.63
-0.84
-1.52
-0.56
-1.1
-0.99
0
1.19
-2.04
0.66
-0.26
0.84
1.18
-1.13
1.25
0.21
0.58
1.2
-0.41
-1.34
0.93
0.6
-0.02
-1.69
-0.17
-0.07
2.5
-0.33
-2.38
-1.37
1.29
-0.69
0.51
-1.96
-0.4
0.14
-0.79
0.97
0.87
2.09
-0.57
-0.5
-0.41
0.51
-0.93
-0.77
-0.29
1.45
1.08
1.97
-0.96
1.07
1.65
2.73
0.07
0.36
-0.1
1.34
-1.3
0.56
-0.52
0.58
1.04
0.91
-0.9
-0.62
1.03
-0.95
-1.19
0.3
-2.14
0.27
0.55
0.54
0.04
0.55
-0.33
0.22
-0.24
-0.2
0.31
0.23
0.17
0.83
0.32
-0.97
0.85
-0.15
-2.06
-0.29
0.76
0.38
0.78
0.89
0.21
0.51
0.75
-0.96
0.15
0.1
0.86
-1.07
0.83
1.47
0.44
1.3
-2.37
-0.43
-2.36
0.28
2
-0.91
-0.44
0.58
0.25
0.99
-0.35
0.01
0.07
-0.27
-0.61
0.93
-1.38
0.02
0.21
-0.02
0.07
1.25
-2.31
-1.01
-0.72
-0.26
-0.39
1.04
0.59
-1.2
-2.1
0.8
-0.13
0.21
1.68
-0.5
0.38
-1.66
-0.37
0.54
-0.58
1.2
0.11
0.96
-1.35
-0.15
0.67
-0.65
1.53
-0.87
0.25
0.32
-1.4
0.4
1.56
0.17
0.99
-0.69
-0.16
-0.78
0.4
-0.71
0.17
-1.03
0.34
0.57
0.22
-1.76
-0.39
-0.29
0.1
-0.93
-0.87
-0.26
0.07
0.01
-0.43
0.42
1.77
-1.09
-1.02
0.82
-0.4
-0.9
-0.56
-0.84
-1.1
0.42
0.76
-0.3
-0.65
-0.98
1.25
-0.06
-0.62
-0.48
0.39
-0.68
1.99
0.16
0.86
-1.32
0.05
-0.04
-1.9
1.12
-0.19
0.56
0.44
0.56
0.77
-1.02
2.03
-0.07
-0.24
0.55
-0.71
-0.2
0.57
1.76
0.39
-0.14
1.8
-1.36
0.78
-0.9
0.42
-0.64
-1.49
0.8
0.41
-1.19
-1.12
-1.59
-1.19
-1.81
-1.32
0.82
-0.21
0.35
-1.58
-0.05
1.06
-0.66
-0.29
0.39
-0.3
0.72
1.1
1.04
-0.53
2.29
-0.2
-0.36
-0.44
0.52
0.02
0.38
-0.76
0.46
-0.94
-1.45
1.41
-0.24
1.14
1.2
-0.9
-0.21
0.85
2.66
1.78
-0.62
0.98
-0.8
0.28
-1.34
1.15
2.12
0.58
1.85
0.99
0.09
-0.58
1.39
-0.41
-1.29
-0.37
-0.96
-0.97
-1.31
-0.79
-0.61
0.62
1.42
-0.13
-0.13
1.84
-0.59
1.27
0.13
-0.16
-1.22
-0.37
-0.25
-0.09
-0.05
-1.08
0.06
1.46
-0.55
-0.15
-0.42
-0.18
1.72
1.33
0.36
-1.2
-1.97
0.12
1.06
-0.87
-0.11
0.12
1.57
0.99
-1.14
0.77
-0.67
0.73
-0.14
0.49
-0.11
-0.07
-2.62
0.53
1.21
-1.87
-0.84
-0.47
-1.43
1.35
1.06
0.6
-1.65
-1.57
0.21
0.92
1.05
0.14
0.39
0.12
-0.98
-0.15
-1.02
-0.31
-0.61
-0.22
1.07
1.53
0.16
-2.33
-0.74
-1.01
-0.69
-0.67
-0.6
1.17
1.44
-0.85
-1.43
0.64
1.04
0.18
-0.1
0.4
-0.52
-1.16
-1.13
-1.34
-0.88
0.34
-1.98
1.08
-0.3
-0.2
1.62
-0.11
-1.83
0.78
-1.25
-2.11
-1.14
-0.5
0.12
1.01
-0.45
-0.49
0.25
0.14
-1.37
0.13
3.04
1.81
0.34
0.11
-1.14
-1.11
-0.89
0.19
-0.39
-0.25
0.54
0.43
0.52
-1.59
-1.07
-0.97
2.13
-0.47
0.47
-0.76
0.41
0.49
-0.57
0.11
-0.3
-0.52
-1.3
-0.07
0.28
-0.09
-0.09
1.14
-0.09
0.21
0.09
1.56
-0.78
0.42
-0.71
-0.79
-0.07
0.29
0.72
-0.36
1.95
0.64
1.1
-0.93
-0.2
0.42
0.74
-0.53
0.53
0.95
-0.05
1.06
-0.03
-0.61
0.35
1.17
-0.93
-0.62
-0.36
0.48
1.25
-0.35
0
-2.06
0.05
3.68
-0.23
0.09
-0.66
-0.71
0.19
-0.6
1.06
-1.47
-0.29
-0.96
-0.12
-0.25
0.56
0.49
-0.45
0.89
0.49
0.09
-0.22
0.86
-0.97
0.13
0.61
-0.93
-0.35
0.6
-2.78
0.1
-1.22
-0.88
-0.03
0.08
0.51
0.45
1.2
0.42
-0.19
0.71
-0.93
-0.77
-0.1
-0.74
-1.07
1.25
-0.21
0.77
0.74
1.81
0.45
-2.9
0.8
0.68
0.43
0.67
-0.05
-0.57
-0.33
-0.86
-0.05
-0.57
2.47
1.55
-0.65
-0.47
0.35
1.67
0
-1.08
0.59
-0.12
0.84
0.46
-0.37
-0.48
-1.1
-0.04
-2.11
1.01
-0.25
-1.28
1.01
-1.06
1.32
-1.11
0.01
0.09
1.94
0.32
-1.79
0.34
-0.39
-0.44
-0.72
1.46
2.38
0.43
0.27
0.46
1.29
0.03
-1.32
-0.01
-1.16
2.13
1.75
1.02
-0.75
-0.98
-1.28
-0.07
-0.47
0.44
0.48
-0.93
-0.61
1.83
-0.69
0.83
1.5
0.88
0.7
-0.35
-0.98
1.41
-0.08
-0.07
-1.61
-0.68
-0.13
-1.2
-1.39
-0.75
1.24
-0.03
0.81
-0.4
2.73
0.29
1.27
-0.84
-0.02
0.46
1.17
-0.5
0.05
-1.37
0.32
-1.78
-0.35
-0.35
0.45
-1.36
0.08
-0.02
-1.22
-0.72
-1.4
0.49
-1.21
0.49
0.83
2.23
-0.36
-0.67
-0.47
0.3
-0.47
-0.15
0
0.21
-1
-0.82
0.08
-0.62
-2.14
-0.97
-1.66
0.13
-0.61
1.51
-0.09
0.09
-0.65
1.03
-1.08
-0.49
-1.06
0.41
-1.16
-0.79
0.59
-0.46
-0.32
-1.18
-0.53
-1.15
-1.37
-1.48
-3.02
-0.49
-1.5
0.33
-1.08
-1.33
-0.94
-0.67
0.73
1.6
-0.82
-0.52
0.95
-0.81
-0.94
0.77
0.46
0.3
0.42
0.84
0.4
-1.5
-0.13
0.5
-0.04
0.66
-1.22
-1.27
1.53
1.08
-0.36
-1.39
-0.02
1.2
-0.09
0.55
0.39
-0.62
-0.16
-0.77
-0.44
-0.45
-0.64
0.41
2.4
-0.61
0.16
-0.98
0.13
-0.08
1.08
0.51
-0.42
1.08
0.32
-0.99
0.41
0.35
-0.92
-0.56
-0.77
-1.17
-1.35
0.2
1.41
-0.25
0.89
-0.55
1
-0.75
1.22
0.42
0.63
-0.83
-1.56
-0.54
-1.5
-1.35