1.8662949336105472
1.29872528275988
0.5331756634397234
0.7716199335907497
1.0841186793143098
0.34110561029382713
-0.03870045684636411
1.3795628021372972
0.30728786184580664
0.7765152731811
0.4620633230102879
3.5085958475400463
1.116116481698273
0.34934154333922923
2.111201115145672
0.667108735268358
0.7807265907213807
0.6229346790577159
0.685001967520172
0.006533748449725291
0.3956197141427774
0.05141985128739224
0.06693992314082814
1.365920077717862
0.060702531688341416
1.499696124056649
0.4697744598051588
0.4318069782393358
0.057549933777941986
0.03602005087843961
0.8069166512882008
0.3273910332777851
0.38331381781976914
0.468474764577541
1.245272700220534
0.04366312141516443
0.6703081449599564
2.316968291912665
1.5315488618213329
0.3943002404771797
0.8861589164156071
0.8616137434690871
0.32707884170280527
1.1995901249545171
0.5209353938653306
0.5633729936212958
1.089468557299441
1.8231890765058876
0.9610292098007356
0.2707341013086653
0.8740335005774058
0.35113680387810703
0.8420057609098864
0.5295784595604707
0.01927435589287285
1.1977187780305105
0.6934683203150085
1.7359193426677586
2.301413482875434
1.0482842023436032
0.12425039508078695
1.5271883642059259
-0.06688200906136926
1.1311088642292308
0.3285851616044662
0.20871136268373333
2.3390163045750088
0.009688642411905368
1.410389811513955
0.16115898311004184
0.8422172560589161
1.5532931342995588
2.346994038127558
1.1792219556027739
0.3389111989325958
0.8198174109336759
1.3162619731002658
1.2729726020802885
1.38594375024394
0.5543795536440275
1.2642666044441502
0.2921978577909583
0.9808593815216684
1.2795920469652573
0.37582874545029415
0.5960996192471415
2.503221464734829
-0.17552110943655674
1.74256148031963
0.5530442059599849
0.934024778937447
1.5152911207130086
2.0698343672424864
0.7351468962071184
0.39872284012054793
0.07426974108908346
0.26318643049883117
-0.027382197907201505
0.6594377877778972
-0.31583472564902304
1.4822745009542042
0.4339670883511346
0.2969539308177782
-0.14059482853165708
0.5331761992937853
0.18979629025283673
0.42517755587128864
0.2603853914937416
0.7549322236477743
1.444771837954635
0.8083126959820842
0.9268215726682273
1.9141040006633636
0.19649839965799384
0.2779058454422126
2.0006283854493434
0.09755154381412862
0.49615892422331803
0.20086951084023777
0.9034170246528213
0.19976778429641495
0.5142089751411273
-0.2805942812081031
1.6568003732864636
0.12758623580739215
0.3591773780397946
1.4085573372959173
0.4607736143760112
1.2776831366443087
-0.1262836810477255
1.109526399304419
0.3463780977367211
0.4857338698209703
1.0337957149837802
0.6249305463014481
2.223628621977982
1.083541685686598
1.7529361307373916
1.18369466742597
0.6338942841766624
0.31280569882315645
0.16893891994693527
0.7671944367552642
0.2851910458331348
0.004813406217529181
1.9261694948755554
2.0347750787848216
1.5382306470388787
0.1330130295606591
1.5797697666687738
-0.12208802627998966
0.33573993879461383
0.9730254074865788
1.2386339251751683
1.2326414413416558
0.7101065178614749
1.4064551595707124
0.27351805037619087
0.09279654271802956
0.6846327856083043
1.6689353558091493
0.35237491737568055
0.2571208363096392
0.6526598727908912
0.6205010477352232
0.09131402180201331
2.201901912628275
0.9074896846318793
1.1112214153219258
0.2656791789617302
0.4487567459597642
0.6448988085528805
0.17599500530354756
2.376125651607871
1.1302647677450626
-0.01801980288214855
-0.17261805968962307
-0.03723962059783886
0.6284742960325884
0.0840084855579761
0.09533831519228338
0.8433861188752673
2.127165323905964
-0.004797640986220694
0.3844628442147311
0.7350560634710456
1.1357394654886597
0.32420034569653466
0.4981855998996279
0.7088742036064547
0.4718963214926634
0.8141258175280622
0.9051503227067145
0.5169772739976841
0.6757653647877517
1.1110648446747664
0.9972465377809139
0.8168799027030985
1.2777596514512846
0.4404611285768538
0.34154818301054357
0.8388752565850286
0.39606450563899964
0.8227148368556472
1.6457328694679605
0.23093957013577548
1.8188534388462203
0.5658622504514808
0.5009630768239752
0.5968044563088927
0.7140026067104994
0.3975475303139892
0.6344907888366773
1.1392200514873927
2.527107494248384
0.8011366908853466
1.2229341318213967
0.09254595117067518
1.675432813108198
0.8251835874200971
0.5188624378280122
0.3474358442758808
0.5950371835247059
0.578765594281434
0.2927370317570355
1.7799465585148426
0.23518416255351102
0.18020119902153664
1.040268216805958
0.9731226344280459
0.6809608375831001
1.136286966882388
0.4336265318988448
0.22190832381794276
1.3165594215612513
0.17390390886534085
0.6078132280065112
0.9922244360772824
1.540527979026651
1.10109992781039
-0.0008865249206446574
-0.5029175550077817
1.0280064057882972
0.039843451424724396
1.3788949413181764
0.386350904590535
0.18584790818393326
0.18410290644385896
0.2834623603790564
0.8132780300813813
0.6499499207071839
0.4872172553825326
0.5142945289213494
0.9997654659469333
0.5934422557451715
1.082543184283399
0.7253635303681152
0.4895643204758654
-0.07570675471294572
0.1762497771960648
0.37450630975527693
0.30591485488991516
1.84333135508395
1.3741477230263293
-0.03932425913768649
0.2664399315446182
0.5561883162165993
0.5039904576697527
0.7282967974023353
0.08672526868434512
2.162043378691838
0.19499350872002483
1.2581558166280993
-0.014425227032161536
0.753166951787338
-0.298867656929697
0.641311650712211
0.32950151433897196
1.1099248932372894
0.05283144382723567
1.6504420640069983
0.6342110535033881
-0.07451140495727794
0.9226011871943924
1.4361069398709467
0.5649218798743606
2.051937295064439
1.2037389735992847
0.12166007556275611
0.12598917602030632
-0.03653095284440894
-0.18589256107618868
1.735619510524289
0.6697829286435779
0.28030977464864937
1.5119763825179957
0.8006578355436174
0.3141334566989683
1.4536476652432333
0.17091984662302329
0.2687025825541455
0.4323850688549482
1.0230987138321035
0.424623761938718
0.3839229631191386
-0.0013325961060673963
1.672251477854325
1.5499323200837132
0.5760638122410507
0.9304082268304382
0.5140857568420489
-0.19486656542529412
1.269639522080312
1.7394678395107601
-0.08083120061654644
-0.02955362057067084
1.3938233692064916
1.531441891717814
1.020198730361683
0.5088375728357022
0.8234178550759724
-0.029345378364831837
1.9522187953619834
0.5430813564884714
2.1493702754207855
1.1567002341622368
0.7089027193408841
1.1987403804761458
1.7389652452041675
1.0417507930576124
1.2885884299353445
0.9039854003171912
0.04904568920326742
0.9452615085569716
0.6608904868217572
1.7617714006942913
0.6607164828963099
1.8219176384148628
0.5050904510552948
0.9940848215398348
0.455350387484561
0.023198846140608936
2.1391937628726354
1.1214609056625715
1.5001953082817039
0.04203960529125893
1.5121786012582656
0.25829024609722384
0.7300196890475995
0.5265454265490541
0.768192327979014
0.6595902637153598
0.20900693255543912
1.3184352095806866
-0.21970291349394072
0.31066052062395005
0.16229617793739812
0.16042533518527188
0.13974621273812826
0.05840505823496722
1.5151995265524874
0.2549017515257841
0.23155413813016998
0.4387688557367438
0.4752929416511924
0.038574933980343146
0.7535082893825605
0.5585806599826507
0.5600802729672334
-0.20298748014341123
1.0660513159447504
0.14523541338712959
0.4362169110813213
0.11550714676336489
1.0843525148244049
0.39571604807425176
-0.1630142628620044
0.5395863444709652
0.9515080264485345
1.041428576302643
1.2153786204354295
1.3433045993492645
0.10323865894544526
0.8208337529274652
0.7602961370653095
0.5617102654080712
0.42490877103111946
0.49583923729615814
0.21049127798361233
1.7255504412145006
1.388029031079388
0.9437156755048444
1.2098171897487688
1.2416065092138602
0.3832454371343859
0.08365976668019193
1.7675544309000095
1.1972587111498556
1.0828162363728149
0.24650986898805619
-0.1791350433930437
1.4982371242297416
1.103164759892044
0.2567062697385684
1.9881928579638388
0.6489962874703579
0.40702008673550233
1.3494925241638767
0.3626311787896203
0.6722588637450166
0.5459070071555236
0.5465616530308294
-0.04856130776740488
0.06358874281207999
0.7594399520304584
-0.25453023362915594
1.0218106853060538
0.7868287026741112
0.5409466246506403
1.7120409467380995
2.2171999735760397
0.24198389950027197
0.6592573818291445
1.0021800411813753
0.4183755225197927
0.7098486575445537
0.3902709758265469
0.575125481707607
0.5708480027582655
1.2622662492945678
0.29790844807064926
0.16408005238996778
0.5194256477307513
0.2161765024759907
0.926712127548354
0.33353970752524875
0.5332291215812709
0.2710298743893017
1.532180948598422
0.5092251282860402
0.4644873016474224
0.9999757426660636
0.03733241260383535
0.6489547470324523
0.5695538795673344
-0.021593340140857953
0.422179449732924
0.5170244275475182
-0.18173776576604342
-0.07938633629919757
-0.35366012752433645
-0.13292524911473247
0.5757748458697008
-0.1764756066318229
0.16502794665118709
1.064863790633712
0.25035613249891553
0.6455779000378004
0.4387093510509558
0.22993367199251996
1.3498126934999413
0.6168132819470897
1.2901561263823038
1.3877873872847872
0.8257383494096608
0.9851493626424854
0.4323841397606012
0.6001427928054723
1.008691080879952
0.566820020389858
1.5575690930688233
2.128298671916072
0.7848336998141957
0.4089205780303967
1.0373407256698968
1.327591007656645
0.5793341265312781
1.4666706417274906
0.9010618562661532
0.43115385285795904
0.650370313650441
0.9264050752191785
1.7050173908584003
0.2002117583522187
0.5631246613848978
0.8029727899838354
0.2118988482326452
0.32533818296395406
1.0171830485676185
0.7102447604261835
0.8331890858137182
0.755635428428616
1.4988143866727777
0.8040849577628927
-0.15545905119058814
0.24004651947008648
0.4443772674067118
0.6669536716972841
0.7060757320418436
1.1106611247486158
0.1952478993408766
0.43152004510709163
0.1884103602448287
1.2141753605699974
0.2871297757045194
0.43585755721570296
0.41433044275484876
-0.12630147444307863
0.21464905134244017
0.10451246171576123
0.30478859144120596
0.03606374023450076
1.7138829222018892
0.1353344446836209
0.7287230765662265
0.03314760255836868
0.06899817654270991
1.5953545367190183
0.626778406131113
1.4446800185362791
1.3459002564581293
1.2308221028242123
0.9276403045785706
0.48704174542549766
0.3652344896720967
0.6496537749854369
0.8655039502902246
0.3773328195244274
0.7113460308239595
1.019965742047505
0.8919671597515029
1.2607786564731607
-0.14995142001800016
2.2439500900746396
1.9301598758473855
1.3727920066777763
0.910151836306115
0.22971508875619237
0.9622847413368065
0.1947764981650314
0.2047609150792599
1.466877046798502
0.9537495248413504
1.3831186110559
2.14249950346953
-0.02306277299270839
0.8507430303274305
0.22478205909502502
1.062645923110865
0.37729466889594193
0.5695275599420162
2.3290907256040465
0.9739165284557794
-0.25890186903640455
1.0509529976520238
0.09034744516919962
0.9650955244516403
0.3416026460269454
0.5966898918326746
0.7859281304821834
0.6664959567745623
1.4743183362414616
0.8564060959631181
1.0296611746470554
0.8832954495535014
-0.20392345476896598
0.1639278141196546
0.5592805140587196
0.5134277623459818
0.3996965591114093
1.318506621230176
0.7617672682659178
0.39135063164847783
0.3361855103311026
1.4706923078462273
0.5497578273728643
0.35774164927565977
1.90573320330746
0.031108242754261127
1.2213004764068507
1.8972183047066493
0.9426823961833621
0.3766588836500556
0.6274448744909318
0.352434219016105
0.41638827132943285
0.7553568292522698
1.0142657646662359
0.5793264967614755
0.2966317399972607
0.7405131366002184
0.10897019310799713
0.7634316357194714
-0.07772033653682497
0.44941320383414946
0.2633811220440196
0.995130829448077
0.9762539334597442
0.4121569624328315
1.741305851220371
0.348466968259976
1.1820862233136569
0.4881020443238152
0.2810622945582396
0.4383089456032445
0.44493649467620555
0.658417777842516
1.6545805773099536
1.2104074994661616
1.4608604438634818
0.014688658314507594
0.7921887938747592
0.6665514418738798
0.7399236933514396
0.869300185266225
-0.008454461438976643
1.1535635498129573
1.4067634036824461
1.2158204002915927
-0.42281839270106375
1.3568622060960314
0.8171766317555856
0.27863519970843614
0.30846459242893376
0.8997415063114985
0.974483426008079
0.6409238432982055
1.6238773335320813
0.23139609377436415
0.9851955607579034
-0.055370325161064375
0.8393662920138142
-0.024599094303928093
2.0539425008021643
0.015425581991149157
1.2614141967913644
0.13265384712264114
0.05468797014379878
0.304488957954523
0.6499660127493418
0.9431328674740329
1.3014981669999075
0.3389297959371051
0.28213791514390757
0.5933230818980761
2.437178895014095
1.4126954340577225
-0.1043519062000573
0.9165137459995335
2.1364694594197156
1.0501164913673993
0.14465854030962552
0.44743954514531975
0.008734019088627337
-0.009355367535524087
1.732133411595031
0.5644910117475822
1.3764570283137445
0.4052387293464138
2.6214060251775964
0.19424204926512162
0.7373797323252753
-0.07107777873997423
0.21478469167648206
0.29306243585852015
0.49354982226451055
1.786061091967056
0.2912015654219075
0.5463987305283532
2.9604309915658247
0.5101418496329037
-0.24621856993880428
1.1563645780263734
0.8528288196058093
0.1420566708325525
0.9860133087866926
1.4974885437785872
0.18671038915646884
1.282479865482221
1.884148639214922
1.122386063420761
0.6143350090952169
0.9985317863555935
1.415904628540221
1.4631258266570064
0.1520856030538615
0.7153140549967772
0.8668346674521942
-0.1487741745391115
0.13806322454505332
0.9281936895333889
1.3353676127971428
1.3735949898224846
0.059690761818144214
0.5753033407996816
1.9338173216662116
0.013063875007399417
1.8811812960649192
2.054688261482227
0.523937672180949
1.2049454855918955
1.6969318631709172
0.29418536359800096
0.24737683082098674
1.176413644805138
0.5176227557352532
1.2143077914200124
1.0355958950709474
1.874173204862768
1.4776836299327714
0.33013281558834445
1.8191499686698527
1.1202680795418745
1.479822975521672
-0.03664308370914211
0.40268056257179724
0.24454150996413715
0.6151671540964578
0.29622078437537985
0.8095006040057776
-0.06363659914159805
0.610844176776483
0.4026746680456522
0.940587367183227
0.8390491826144024
1.2195451203801753
0.1381632561602889
0.36932982258544794
1.6138761200681209
0.5120048500077403
0.9525758685120314
1.2389656755436238
-0.31219410522056934
0.534866891552475
0.8866074586457897
0.1097012507606415
1.9285721655972954
0.1235347695008139
0.3842275513068743
0.6001079970271871
0.4378434585289416
0.09237801274984604
0.46377532099565155
0.3691943150782703
1.2796364301250598
1.3196651707826856
0.28226859386325537
0.5469480059911129
0.5506559073834197
0.28806130394478574
1.6068747053785526
1.1491631804810407
0.5015461201215459
0.9158208436138097
0.5485924218723266
0.2016820102026219
1.2323612784304858
0.7223487141510554
1.114711600758774
0.5735071242764372
1.0013450109574245
1.3566564946195407
1.1197142856099354
0.46256922119441346
1.2463008732668597
0.9585558460317465
0.14092173276400394
0.3697976564017599
0.47384380997829406
1.533370453767099
-0.20685148760514258
1.2669202028463133
0.630961524126388
0.5133470332223106
0.9481963486800741
1.1810624189295826
0.8813614937846084
1.3900827579595871
1.2796705846086343
-0.028843308661436945
0.19638365624099405
2.0287949017947953
1.4030006847034966
0.9317430261659388
0.954923585310008
0.8195777506623207
0.05974884874139319
0.8620509528276028
1.1153770432765877
0.20161228438023004
0.5448704347890101
0.8615137133502035
0.8902906289145855
0.1808424712830765
0.7480821443953973
1.1364961939937086
1.540749901098639
0.3226674559838409
0.6319756161367214
0.7181805780756455
0.15910683873368425
0.6806027302126982
1.2864048007225195
0.709045524947596
0.8067645105768145
0.43518782902135855
1.9011725887789683
-0.0034320567356314335
0.57513083768425
0.8215636965414748
1.6969144384240906
0.15102471541488938
1.0197398716336084
0.19434395093966494
0.4179459802513471
0.08718764899432085
0.7300550244497404
0.3680202445729063
1.0167732051291254
0.21111277039361223
-0.2528571626440582
1.0815137858161594
1.1671655043617088
0.46051970280852333
0.7283306618969727
0.16686821557440784
1.1903925974439027
0.9396942703688987
1.4133718918099716
0.5478502996023419
0.2735368687373608
0.9832362583216246
0.12424304300902338
0.22119403268714172
0.9099867889660879
1.1423387003340366
0.5607392620519602
1.3227086076274266
0.7199862479711332
2.489036487485494
1.5513127792246708
0.8947396403043328
0.7341932577971847
0.4441606819914353
0.7628356813462902
0.3317216743957156
0.07605190802946304
0.14181736422671987
0.5468860278261627
0.45533396091962264
1.2912677138367505
0.2041963579935706
0.8559850523651481
1.0506992915715585
2.48276082101115
1.4771706024860758
0.8661052616306879
1.6351137058285925
0.8690924025297546
0.45188890374276913
1.2346196299033918
0.5808494691917231
1.4538512453040244
0.3643103941513257
0.596436034572791
0.998067439993915
0.9074211295070433
0.27050707589689105
0.9140055937829775
1.0382772223596535
0.6416729337204026
0.3455023442503109
0.38953589717447407
0.1931241314094052
0.61723910042759
0.15003605322613373
1.411873175289318
0.9002592371293369
0.2764896661175003
0.37202355179948615
1.0951820849943417
0.662755022581263
1.7379666309334532
1.6972789281447789
-0.13674013506565136
1.0213762847811856
1.4671489742749229
1.1183547521586008
0.03459221935613442
0.6841529269590984
1.4579446225267727
0.8841380710325657
0.2718861769058684
0.31542127590391356
0.3073512186186583
0.5340150798415686
2.537057713914504
0.31818919942195084
0.2500086973015907
1.1660645308638151
0.5386667117848397
1.988652926359578
1.793289123342625
1.9512830639549106
1.4674178967074025
0.11652574663592474
0.826646498999385
0.6015925960247801
1.5067855732295823
0.17260322612691587
1.354725219453188
1.2666667611701923
1.8013898357897329
1.2753833014520222
1.416196784722102
0.17995544007646236
0.5790316578295579
1.3384301130842795
0.3907861442518915
0.8440111659958127
0.23386703480088578
0.2401495920445505
2.1987861828378046
1.066134601792764
0.37618856555972713
0.6116952159647672
2.206040603273277
1.1934099547635566
1.6847956086941
-0.07431222877224317
0.8715550619731787
0.5766962459182664
0.30087994247633704
0.7946355934839447
1.1236936934810213
1.473905391059196
0.08312265067030655
1.1247178769862243
0.9403420256976869
0.5450848258254822
1.5760137879164398
0.4714632202456367
0.5835839587983981
0.3187088564988722
0.8795649313197196
0.6303272219718093
0.04208489281979261
0.41552317699462726
0.6378727686041771
2.5335494254498836
0.28212518802498193
1.035592021709549
0.07993136151001995
0.44918809778769225
0.4829447607670958
0.47505711635255604
1.9055641108890204
2.232309524728433
0.7010837128436651
0.0532585099553165
0.7378776150932322
1.7389620344924805
0.08436473031399866
2.158521510220801
0.42843793457354096
0.3846471480006435
1.8213501322374719
1.9926252688760546
0.9823323246765703
0.72873533478125
0.3388060686662637
1.8469688592759215
0.5159389468793989
0.5729650031649826
1.6155867437800264
0.36311859260190366
0.7620141886734143
-0.07720372866382366
0.18122754454254397
-0.01576579691904518
1.916129425981574
1.8112771104140297
0.4909481230408961
0.2188661631637475
0.5915990415596359
1.1235944202816572
0.6901730681012495
0.14740707272364828
0.5431771171411532
-0.07119177044833128
0.4768687227544503
0.22711304973144725
0.17452812083596914
1.4264991402121971
1.0059278995224614
1.0267890380937204
-0.26983321578728836
0.6582048491086171
0.7221670245244367
1.9932488064402578
0.5917748960983774
0.14416798456107302
0.2694278994953927
0.6261921460057104
0.8307324595702615
2.9960649169083338
0.7247052237865842
2.4161733746872396
0.043865027361938994
0.9622425481615733
1.1536399437109937
1.2646771697122194
1.167053384809062
1.2415667538597266
0.2866401489026614
0.1567762518929532
1.0234133430671977
0.2980490200579203
0.8818148035547166
0.03176277603630029
2.753841878962109
0.21915171166017983
0.9492299033882453
0.2952117984420537
-0.3439732865749963
0.44255528556970924
1.5670666897486274
0.586769271946746
1.9603819849882669
0.09969992679547694
2.2436063748323294
0.853941598478428
0.17893896990406372
0.1101441821451484
1.7521622458812742
1.010206757198857
1.3680225874783072
2.045910259205883
1.8710599637582033
2.3315494189743022
0.3511233895015279
0.7986306916466267
1.3241048708927643
0.44694135542573254
0.2862985084988721
-0.04720041809277614
0.9115636222014788
1.1759900830689696
0.677828644435886
0.31073151299784274
0.48906192288998585
1.4653297454972334
0.12111432094226648
0.47526970687852105
0.16459887502674173
0.2076097410497703
0.3969437487130022
0.1688948283689798
1.1782578907045806
0.3279887339512856
1.7906793208189737
1.1812190244406084
0.6118440440229989
0.3042049927482471
1.7188431235448909
0.2907373165104603
0.8657320033502812
0.3859816030048939
-0.08277097003951447
1.6002710738272046
1.6598780304285825
0.774199938295067
0.7007481608931032
0.8906769955013646
0.7681375985835914
1.9173980470383942
0.45818398150754636
-0.2900239812681598
0.5336077315507962
1.271181800948572
0.9314055630010699
0.269364444497733
0.27907469380018335
1.9498480608416884
1.2173768557734586
1.0448483081969846
0.7959954025419659
0.3088132819868906
1.9700647739997488
1.1555965723213137
1.0338771717548365
1.5107212812684865
0.9799663276790016
0.20782359606176576
-0.05474618678387885
0.8690664767182446
-0.0014432892030593891
0.5668319339300756
0.6221127291034457
1.048075872485293
2.1263459179843034
0.6684863710646171
-0.0903309569482324
0.6093969557898775
1.7726532635453798
1.0216284239983586
0.6123573684607995
3.0671913961549238
1.004709336683944
0.23160126739111103
1.141899118099398
0.47683422178024465
1.2373851221210037
0.8772333460225917
1.6262160007194424
0.33536165943904317
0.3602095139521112
0.11429885096869061
0.844260720903399
0.6468447132089723
0.670188052891161
0.7871373435277224
0.31571818115907924
1.2988491934954856
1.1785764002324421
0.6463302810851588
0.938389271111375
0.3103215958291232
-0.03542602847387305
1.4453883182845675
0.2962257711092325
2.060012943807044
0.24876903722393104
0.6564530358099807
0.3925993367696783
0.5311754311510595
1.026185963463499
-0.13322529838746766
0.7119568309675927
0.024781189269098253
1.2675090988547126
0.8724653005000764
1.047121565691595
0.3641320000659749
0.021975857800213383
0.5848291735584332
0.5557224464097856
0.4058596677494004
1.186098451966549
0.29663748051337463
0.1167099442556101
0.9471293681467087
-0.09020810638014543
0.724282979712328
1.1859343461509586
0.9414630029851085
0.4318882260354792
0.07505710711023061
0.2271285812684238
1.0087050469886165
1.5776607196866552
0.09551655467899522
0.4875302560643733
0.44692560594210845
0.9536124480464611
1.0350833665176622
1.034945257087935
0.7660262098266919
1.2412293781383075
1.6828531547422265
0.16211879686498606
0.7920015962683272
0.8707478949093908
0.2753408365012994
0.022189010104720214
0.41553787151947946
0.9359783969289035
0.6029304061948961
0.6487879597839619
0.846880315646761
1.0671628321944815
1.0631583898328736
0.26263342633560016
0.2224530367733008
-0.04574485541826191
1.0792664019514029
0.5728776578640397
0.35557497283077844
-0.12876008323549665
1.8896533130672957
0.9814386502711687
1.513523991694298
0.2233598163208989
1.6555080146782275
0.5321128325094602
0.2456041383150763
0.7669763086385879
1.1226322640977218
1.2993673949979048
0.8361497293175326
1.0123919182130914
0.37168114726302015
0.7255154540716122
2.6158187140115006
0.4123477675536354
1.8297255524552298
0.9638380274093011
0.4899907710490643
1.5551598571794918
0.8845185970525588
0.47082646776015
0.8007832472086845
0.3645091349488515
1.4191537546393174
0.5071376907056582
0.09215255757604893
0.16609359949644908
1.0553425300911146
0.8150499007941782
-0.15084579346337523
1.160799639492058
0.3330469240593902
0.2729070292277256
1.9963266798298076
0.17829809315672973
0.20450609510097165
0.8898710601014729
2.2018909150377266
0.7867261024080311
1.7121228704088263
0.6268980612313749
1.450052688475131
1.8136958376294954
0.48616061033126
0.03464000680308082
0.0698803369649546
2.7778035291426773
0.8911008011589246
0.21364692062561397
0.6192270827846442
1.3432041299361752
0.40353347876316775
0.2681330290349944
0.7916982148642238
0.8080675313170936
0.6903199852173806
1.4974739529542993
0.6570191365603947
1.4228547528588662
0.4168614582145682
0.759986422780464
0.7022569776574468
0.8551074093349735
0.3342383812983826
0.31986678331173257
0.08114961325427282
0.7528552573670734
0.8893728798074196
0.2045175209984198
0.7374172835303796
1.2521405739730662
1.7358258188221543
1.9962280442169378
0.2628500329394694
0.35280876448654624
1.816311460681985
0.4514200596512179
0.694778893539731
0.26544398180603695
0.566761879362617
0.34140331079325836
0.02447655292518644
-0.10518764874126817
0.6756355679270555
1.8881943809121382
1.2255540225681565
0.6625974625759081
0.5489691413947098
0.7794571550257785
0.9334882596089428
0.31922502773677053
0.7554308674617034
0.9706881023778668
0.37668743960222806
0.3155372788228541
0.10093183207910583
1.4842491732929435
-0.042139676842238724
2.55778956707046
0.7585658181876427
0.19238691868159188
0.7782299605428774
-0.11500994891953426
0.6323963390290932
0.4301949394667232
0.5024810997290827
2.5337133358975072
0.07609094459733988
1.4491761537755055
0.2439109183451147
1.649774629386308
1.2952065220366167
0.2966845682641699
0.8173369662580253
0.8631827861667174
0.5143724351683573
0.07375062176891355
0.29657125306882565
1.1440864542765725
0.20948001311529735
-0.06705762185500166
0.4775582206797636
1.2533417548839048
0.705753742545346
1.8004196478162036
2.241339424064838
1.2285538492466546
-0.01524038113649621
0.31105429702770904
1.0748624391792632
2.077032075492448
1.9414101088718976
1.0393093241019982
0.000009331994612671313
-0.10069016981398403
1.1560287034962267
0.7343152453912325
0.7533463599321519
1.0671211252520634
1.4386080479338228
0.13114905946435515
0.24934871398218808
0.9449023990902146
0.1775394269863152
0.698184266789097
0.648402425502082
0.6937904452928941
0.9466852681094146
-0.1577068381388682
0.2184035417314118
0.04087808222714987
0.40756078061681966
0.9897032026406212
0.5473561461916477
0.9495854735036136
0.65856466955959
1.1772351365354126
1.0350759253769226
0.3563704578980101
2.1696318381060236
0.7539767796589893
0.7109698913348391
0.18703308790498807
-0.05127811006525912
0.7017486016879683
1.1752820856625696
2.467860782053669
0.125809950207436
1.765014625551945
0.4101817838823379
0.6824381685190868
0.505261033612663
0.9158525084106441
1.372854787124281
1.1699376158741903
1.6896330349590463
0.8015800836008984
0.2440693284216016
0.7624222903456026
0.19735116263859176
0.3372767646866115
0.347961923943909
0.7426508665457863
0.3088272104907147
0.29529803733277227
2.0258464105707095
1.6580766931627717
0.6661206677147999
1.4602436131107865
0.2126994763704404
0.39718808074970136
0.5526127838328243
0.9075551161996221
0.6286070260830676
0.11235612959036481
-0.00912459309327035
0.11722332142983524
0.2194801353096263
0.18610184437949145
0.2761020688717476
2.1537693176289823
0.2220295835817845
0.5943102805490668
2.811212958649166
0.656536752335473
0.3989630897854414
0.5344644185166878
0.5822864913615944
0.025918236820039686
-0.08319293386850293
-0.009568763340167125
-0.1203406554003002
1.0081410684702883
0.22579787431860124
0.993563306571628
1.9931646271183974
0.46853897193910093
1.5823698052377795
1.214432367968639
1.4585191392038073
1.3866020586284196
0.9826609082233805
1.4266593330072106
0.5837158524182802
0.5577157609642915
0.9813199491377386
0.8376875703212332
0.8004896329049427
1.3649551215687752
0.2856422043871929
1.4324475593455388
0.1677764323201732
0.2951244750694121
0.108274843821749
1.1508593167543488
1.04111187370042
0.9157240424891993
0.272507471583642
0.5560611140264222
0.5016342205740595
0.26379268369839237
-0.16281661289449684
0.757714284699365
1.4449208026237432
0.36339360236799173
1.8636761222045082
0.18418259855927824
0.6393694889892692
-0.16707011653263928
1.0628959812709942
1.7971137839832334
0.8571388012713873
1.0009361142522595
1.1990659755950517
0.5044185811754376
1.3039367159550763
0.29036733603070697
0.9710599727473407
0.4836725610359257
0.6069954938100643
1.4684149317467157
1.1948293204851936
1.4172055854081262
-0.03309899375852506
0.07096336658714619
0.7032308966772347
3.380983275343569
1.5616583497672671
0.9616606234695839
0.8736818674485376
0.44343172242472606
0.4532199432996144
0.2099480626392377
-0.156365152184476
0.9596805186416373
0.7232642201758372
0.31788637277204
0.4501098470103878
2.322576809793467
1.094805875774377
2.38222535862295
0.5660455433449991
0.23319518150215937
0.43873699663524074
0.10008108284867465
1.1741694209988651
0.29996294514726013
0.3972637302381927
0.3717419201977042
0.4816159574550315
0.34250317339055747
0.05160110497076298
2.211144360287471
2.0258725941463305
0.5630865798126813
0.779429894285969
0.9910201203489433
1.344893099878401
0.1967472471780662
0.6212325390117363
1.7446930610969655
0.48537794953275054
0.5539329741950383
0.5198817871063999
2.5884003379951768
-0.11041002770886857
-0.0004442428356979389
1.9769092527629566
0.5459702294844746
0.6281161473571706
1.0740707777666105
0.1631999863705985
0.24394716097038344
0.09884304132872998
0.9809158544774073
0.39092122922600864
1.4198689979980736
0.26318752523952277
0.3809990612255596
0.12088912294823212
-0.2823601953109263
0.5880467267243311
0.622336684857572
0.6092905407591451
0.9651639963426805
1.1699860164821598
0.08932145860612593
0.9844446696928089
1.250450857743916
0.14857375782641474
0.8780847319462539
0.6313429549534155
0.30333011240398217
0.5763709600149651
2.2677124829712514
2.007729413389766
0.40804718181460353
0.6000328818390345
0.42848981115743107
0.2496315637838228
0.5729068103093484
0.6034661522456521
1.2749523475884608
0.6371962603568864
0.4113987738511009
1.0473339438291278
0.02084823824365656
0.5999492979731476
0.6771648353707288
0.9522537123808107
0.2560593355052678
0.6015259486379217
1.0220397937921282
0.47528321771575155
0.4795963871065488
0.5168891826571103
1.4744541259017652
0.35921596814156
0.5587262396642931
0.8667745329133192
1.5497272468647516
1.2158707510346565
1.2579980190717672
0.17526630931008286
1.2332042250924737
0.7698022431417672
0.620733693718186
1.3165746311789162
0.051908307822696564
1.1654662506334403
2.592599003252722
0.7868554319052462
0.15936631800963272
0.5501406849006509
0.3958870092217688
0.561958541525827
1.0210288849758746
0.10903530501621597
0.23292586426057832
0.3483837918055097
0.5160644848885705
0.07006196120800004
0.36358998537642484
0.06768193359459178
0.1314393951023344
1.3280966016662417
0.9573563230467413
0.608388935841277
1.6067225980333146
0.39177447027040646
0.20593810409106772
0.32369256427953136
0.09641979989255312
1.2705922010269797
0.5100871404240127
1.295688577375741
0.33496535290528084
1.0894542459789185
1.078896479818325
1.5058902480424194
0.3292814774770559
0.21911508736012683
0.49074066743418476
2.2910928754035096
1.5187617927431036
1.4859549946839816
0.1915725239806918
0.06139549119242493
0.8365219046819925
-0.042538759657868686
0.7534372650784319
0.3909192100274105
0.05990586544102729
1.480664223291029
-0.1606622984368427
0.07775235062119289
0.7230691259765111
0.8217039284344818
0.6999115143544017
1.7484268106399925
0.24731598116549314
0.18595992611810225
1.4296024589399583
0.4187033529289732
0.2681898501391916
1.253538676343288
1.1296468714909729
0.1265374165384256
1.5018679060317233
0.2449522497076795
1.0055299358336145
0.08286740094479655
0.1937053629614366
1.2264017078265526
-0.0870747702129476
-0.17390758232121578
0.3381598752801748
0.8934758813752459
0.9771946300059644
-0.08512831077005652
1.3187739002944792
1.1641093195646077
1.949679764112684
0.5329527196242688
0.5545013081583061
0.5340694055066985
0.20374323372570077
0.36898335992693876
2.015612511981391
0.9373462883945045
0.15527195614045042
1.0010019596687254
0.623275660648408
0.6639940480368469
0.28297282662646284
1.374370274526621
0.4452875420585793
1.2741372236512067
0.45450795169478836
1.55685646315594
1.4787124824029054
0.38930648468401297
0.376487438160633
1.6553254120768512
0.09692763223059478
1.22940893914763
1.1553579410219934
0.3662332386434106
0.4305858574709444
-0.1894279469264449
0.14916112746289012
1.534039645457081
0.7925673275962312
1.25739844902319
0.6382491369190887
0.49960641566190694
0.7231412294224289
1.6235675004349026
1.3408911221899367
0.9606706880492581
2.4343687772012292
-0.15996267685284937
0.7271379044671744
0.16896425677168636
0.7427338051266636
0.8765328497092897
1.2498632666865979
1.0310010423437483
0.48246470832690835
-0.13836747114533546
1.1485564436742528
0.24903634789769574
-0.07111915673697677
0.5465897889078675
0.9727802693313176
3.793782913791282
0.8310881819672888
0.4506751430693234
0.9373095892583592
0.2375525917112571
0.11186839724965549
1.2390424026439188
0.8170072426761463
0.2023139996235618
0.6199468920539383
0.904776135844878
0.9117335540261354
0.4603216644940745
0.36271574847590315
0.9293043536679582
0.7624276339256679
0.6992547722193148
0.4722080804135479
0.2479104866462366
1.1480051173759018
0.3836453853800923
0.7664836991292268
0.8238838342971687
1.1460434910715873
0.8225838924468837
0.9614404827483131
0.2724846088786424
0.047105995599731276
1.2329731533449944
1.202684121647758
0.7522473919692548
1.9342733323073724
1.2996750351659603
0.22002251140494528
1.0733616500561236
1.0631182760345665
0.32239827686041245
0.881028727983588
-0.05084683816672661
0.717591930460151
0.7672840281548137
0.12636330520738745
0.5553075775512109
0.9023253160758523
0.2184756529873972
0.5056077752505435
-0.20962292879801075
0.424013765114108
0.12768348788838418
0.2995117992421542
0.6160736234687799
1.109752392762823
0.8095164982495724
-0.25262553645489216
2.845400116985326
0.41688963705724713
1.2450603803922566
0.410959847935463
1.0146814065896412
0.8631128687851459
0.8811758187248502
0.9620613329485425
0.3424143318716397
0.7319790768808677
0.8170778267916309
0.7720779141832299
0.07272336741486438
0.3691149050803695
0.8836029871305457
1.5952245029009848
0.757318726430057
0.5268173859998417
0.9918850908631891
1.1137867257921288
0.4317584047523116
1.1567852078981027
0.5104523429141511
0.4416340036913015
1.2100293133202886
1.1272187382444203
1.5373559693565162
1.8119574757214996
-0.23045453476364589
0.3419033884870822
0.42587312930201865
0.8097755999517378
0.8080774757440121
0.20939132320142423
0.6289870924822777
0.9838920665948495
0.3723734415923366
0.22430795207294613
0.4494846943776899
1.754272657783941
0.11837455345069542
0.9687907701326395
0.7871564595564489
1.4473287431954567
0.8079769495990622
1.5659138170722737
0.1524604999533275
0.597390773431435
0.9921453282210413
1.9172146411080704
1.7676155079135554
0.6063963665193243
0.6708774565559669
0.10016607894109096
1.0587240062098577
-0.030018381259757775
2.4505032305338017
0.22027758223293936
0.050709060729553446
1.3896885621255601
0.7599959469560257
-0.07600099717037989
-0.08511373986567765
0.7655213400477731
0.6998362846001817
1.3255028143076695
2.4692085192438693
0.014742105787759441
0.26240292905364826
1.5083380655616976
0.8364090173231323
0.06543374590014528
0.6398351480446802
1.1919634519730808
0.22936463899960344
0.3967549446148434
0.9118638670027952
1.5940736387313306
0.5987262482643307
0.38543475840914276
0.9787202794627361
0.4795472713660643
2.3768688969307408
1.0328476712815275
1.8957335468444063
0.7265020612498055
0.6079366365944794
1.7818172056538337
-0.11311430209518415
0.4280716147514219
0.1507111621896144
0.15776563660120835
1.4521042518334673
1.2058006496474971
1.7369479587230594
1.275769919436217
0.2968319582969736
0.24819665954888112
0.22074783007963028
0.33475301277295993
2.4516193703930904
0.47909247059242094
1.074714523061967
0.38260224504466006
0.5303861770268709
0.6452599486014237
0.9094106071113356
0.3039749837450539
0.06916595802454688
0.41330527905263736
1.4298671801613376
0.6848434154407389
0.10387340089230496
2.814411948173518
0.09741844682145748
0.8678338685165238
1.7600474288612145
0.26369534349870555
1.6464431234475165
0.6022363904295365
0.4479566999494167
0.47048750135690487
0.30943713584283916
0.3367367167533125
0.5094364670416839
0.9391097462862906
0.640214338999031
0.4650940135945233
1.6422684658948563
0.09944053752417442
0.6977614621837454
0.3670689709081055
0.5513681883301083
0.49035225109457214
1.466114947657015
0.6002922217872985
0.06032910088113658
0.20362480238315875
0.5350939041183451
1.1202351190243303
0.7873071884741681
1.5989230128263348
0.9445846211720534
1.6638346072348584
0.450247134950686
0.710496641616026
0.8805023312128661
0.7060151709831791
0.16342512778454266
0.5813167827778745
0.5536029678211516
1.4011216621367482
1.7640916410462564
1.1266468329249117
2.1249346131323454
2.056344718792194
0.1888200308348792
0.5579623421804127
1.6641832313374036
1.2263453860621658
0.43793098116881596
0.19881939358960918
0.8365282369455728
0.7860042427134939
0.9729654668308934
1.9204172409896292
0.6303040223806093
0.39532296191610383
0.5767202597911232
0.3982717263578741
-0.27568160145377546
0.4507486021537624
1.327727163816116
1.1626668979684622
0.6754048602143794
0.09736767518595435
1.3118627352964343
0.6189998527281025
1.4470627050173948
1.4695767258685164
0.4974604563084907
0.7514502862707295
1.475972954774577
1.2539576828877423
1.2121900562638732
-0.007768515030458302
0.51012980917343
-0.03373921337517086
2.499372357092071
0.5881777734548855
0.2681745676999381
0.4347165884510827
1.9195835223796343
0.6618480760245642
0.8996878990955458
1.0688802680483749
1.0704705593304185
0.0763018854974324
1.6735016940087555
1.1526874611720024
1.0711364255416151
0.6266084813391507
0.7543233070051114
0.6085418789821523
0.678233523377906
1.1322627390928295
1.1432095385802297
1.4774743136765172
0.8696600668872746
0.46810139211842205
0.3932033729322754
0.4032554302495937
1.0363699994206157
0.48791211004419105
1.1231243577465526
0.6787318966785993
0.6085999241797555
0.6277122608155141
1.4644576535633576
0.9459105522900958
0.3962185500114673
1.315403499546828
1.3018896050942437
0.4362507301240542
0.6114804981715218
0.3811721339023024
0.1498383604582749
0.3297674201034332
1.0507752731676991
1.4541594832994047
1.6530690026676693
0.7592834759777148
0.26327841112765027
0.6733860032565168
0.6972088384890163
1.6969447136828386
0.4860042485926284
0.30752049501120954
1.5582832825993151
0.4648904529978958
0.5270414605859403
-0.13284148192694922
1.5235725826365214
0.4130660691408016
0.7638644483810351
0.8427721739013978
0.9892134335170842
1.1008941214463863
0.7417735485811437
0.19599899534708415
0.49716217474380786
0.4730592551108918
0.5947388278989524
-0.016530844843787085
0.8986738235319995
0.49213447109858055
0.24636423452279857
0.9948218494186167
1.277173048346218
0.35579296555863293
1.4076019726766922
0.275830363265162
1.1081748932622724
1.8949363565939379
0.9976234326828044
0.4660885720032451
0.5297531346478412
0.3533685017554277
1.1520827722651825
1.2320356257508576
0.15726022389714472
0.4123823237686415
0.3411220177523372
0.8677131780392504
0.16631436111908787
1.7272890575787876
0.4189449429728614
0.40565884861412693
0.43082870290469544
0.7036773517077533
0.055353643766322624
0.6272294798751558
0.3511614219414402
1.0215336563182147
0.31432491760834286
2.0643471618225764
0.058042266405217674
0.10305542173797505
1.203640509063233
0.7255271161277141
-0.04504959511536602
1.3845554816233565
0.28873982059472353
1.3836584152476465
0.42447852730086005
2.1283194230238967
0.7705327419380346
0.3746912105772584
1.3524211140358806
1.165539113689909
-0.04951879362178041
0.34352728276079714
1.0839304300904282
1.6043096550604432
0.6694359356023
0.7810743387701339
0.5014292857817716
1.1480265561338865
1.1743936975030322
-0.0917518431637771
2.6823256097794506
0.5337804944107204
0.5324738927237795
0.5406949979717001
0.9169230165303013
0.8928210862158534
0.5238652445793661
1.8622024694773243
0.06485135605724207
0.19555316470185063
0.8100714570665076
1.2358402998026667
1.9903791751486197
0.5947419829267032
1.0635696216014314
1.5163870447355519
-0.26073830361495837
0.6943723296613239
1.7976070171235206
0.27284048565725133
0.9893777120591182
1.6843125696640984
0.44002639859012205
1.11100595275639
0.34124011094322904
0.34582629307475876
0.6482073354734066
0.8075993890674409
0.8816228123852894
0.9149311192176557
-0.1653737436254039
0.6655858120200717
1.8907385605256728
0.4570452103757586
0.7853038240714378
-0.05157660980747297
1.548696268076923
0.2846306852575611
0.31956982738903206
0.09645951792224727
1.0923195021878405
-0.1938472728193179
0.8705929460144363
0.846180099066728
1.3995482788201166
0.26189836167529945
0.0905569297096189
0.5939889496529109
0.15065588517352718
0.8593831069952623
1.1734561213818007
0.4972386746204267
1.0322871095280794
1.0493321234766637
1.7852445255919043
0.16064369328544678
1.7967604429277206
0.060287653230089694
2.022009146163098
0.9906796852700647
0.18124860788158864
0.9644158109239108
1.0091895758356164
0.7653009922780849
2.0329525165265045
0.3504144620991712
-0.05093625191349304
1.0135708876714602
-0.01382591484591722
1.4273832466438423
0.6034212036258397
-0.28977188375115415
0.7452593853609931
1.2524352399481193
0.29403372875085737
1.443300074765394
2.1678234527909312
1.3190595206044127
-0.3034962968879312
1.9254096330558341
0.6512874136369559
2.2537374131656662
1.0190037794409412
0.46926463216331726
0.8576612919819108
0.3966011597219023
0.1938858993713468
2.036705177524846
1.1094374814115833
1.8337581917807422
0.17157392690164744
0.4406170643676173
1.4579391333319265
1.5244930818987126
1.3182941803477606
0.8194785894092426
0.10728718464098085
0.7578856028164285
1.1613838432560057
0.5810544624268597
-0.5214906609273422
1.9838535888093507
0.9535291689467872
0.3964014746125831
0.6296035798690658
0.7849522392074976
1.167325960471275
0.985441264865266
1.7034681481548146
0.814653154810234
0.6346087818139103
1.5710783051806854
0.2171277616888485
0.2619250964900844
1.9100575706793714
1.1374124711773388
0.3100877186303849
0.4100976900174993
0.43263145532725344
0.0805004631185072
1.597856833497767
0.3219342043953798
1.0469086064682163
-0.030666327053005094
1.2989476804440192
0.6025860212627494
0.5492239126193307
0.4377240411344332
1.9467961600589792
1.9949298693661615
0.5905567205382005
0.3954200143753994
0.0891056073139112
0.716606363182841
1.0453045144484494
0.7065707396400219
0.292638819902464
0.9915066005208637
0.2829854189258489
0.5755635450052792
0.2667584937863016
1.0117270278403936
0.3126358789758285
-0.031056318750877915
0.4307357010555863
1.155254154853749
1.9013880391383862
1.1788856760974566
0.6368347416023256
0.8718113479206553
0.8837746857234972
0.4874873872527765
1.8711018476102146
1.1927344853213109
0.7363833911526435
1.0337572758505387
1.0076235970360927
0.742838505112501
0.7574848582906848
0.6514299514071052
0.3155251772533027
0.92904011582617
1.013894594302178
-0.029746025776711385
1.4311576443864118
0.3333260458889614
0.6856662227567111
0.04825593006225585
0.4753247494965399
0.3883991508781535
0.027386863529200743
0.28488023896444326
0.16545715406235784
0.8425900691620014
0.07546479715666796
1.549305132763272
0.5423545093096721
0.16288034137802554
0.2787086864371917
1.0739778949605108
0.31409266567458316
1.090781956730848
0.6776467837246991
0.6109646313703517
0.691506349273675
0.836097233523023
0.9440030702206815
1.1739543533446062
1.6917307297585138
0.7037266348398976
0.6641673967292705
1.3209257713688065
0.19116274544845685
-0.0704411645764789
0.42865540649889866
1.2847314699865648
1.8625598441359628
0.7967161751692075
0.43711869228241673
0.04625801110555641
0.7458031999345911
0.6676000723132411
1.4067863467590025
2.7472872971874445
0.8259453898494581
2.8863420927795596
0.6516015646279145
0.956803718656761
-0.08157803726037127
0.9415121758927233
0.45383784495899515
0.3514028967902801
0.41564874635347954
0.7966521095032228
0.2789634676032644
1.6525024209551975
0.04192872251252361
0.6250424591810341
1.2620369954020223
0.9538935895472769
0.6213220539532902
1.5276163993165883
1.7309172899750898
0.04196683970941989
1.1392600303900176
1.3901368275085038
1.2913127859041107
-0.17676633474664383
0.4988345985456961
0.5670482033924523
1.2606219743995841
0.5380225763082273
0.5775786311485203
0.5200538523852838
-0.007242197887228394
0.5031626066948033
0.11487159051971946
0.7664324603057445
1.201507727838464
0.9576059933215959
0.9840599593666766
1.5697790302170962
0.32401043752562914
0.4833802829845642
-0.222114027260116
0.3800937064975005
1.13676448692175
1.6092458914775054
0.16182076880553226
1.7344612886969721
0.5782291985290394
0.4901599665617327
0.11000058741561475
0.4737743506460235
0.7138299083067068
0.821284977134977
-0.0015769963266959175
0.3435571625817554
0.020345553503455932
0.0796200719653421
0.3846226467385164
1.912865083577343
0.8534517497795255
0.1538920666418338
0.8250433355201954
0.7118156674808012
0.11709380910187209
0.0690711594914912
0.017327947649539654
1.2912180111359464
0.15454308421418406
1.3801180462697715
0.5993543226901432
0.31967217314925406
0.6037324139371789
0.05862102198862201
0.08710661636587097
0.3933477059557105
1.4907293130645483
0.4413356409239012
0.8697334206224527
1.6298894294742827
0.10262823985245288
2.1544680824344664
-0.5936322436721432
-0.2997742064998122
0.5807971985478879
0.6256972517643822
0.4931617709264319
0.9766548296213953
0.550818212139437
1.9725286698969728
0.307197759145026
0.5401303211398203
0.36039517040534286
1.3077928959321075
2.332236138813668
0.7025590889464712
0.045545127925136486
0.3882271235067642
0.6893947218384768
0.5150701413683852
0.9997348644975713
0.8298420508332571
0.7535707624240289
0.313924082741458
0.5694384052720504
0.8530361426313324
0.3065376381982683
0.3573176240647766
0.662796908338951
0.08118139452580422
0.964338281468934
0.3672996103744865
0.18537649311084795
0.5248776320864421
0.42060076581009437
0.5360720130969115
1.244531998190771
0.28145082664089544
0.9296504451419909
0.5074759686993604
0.6710158666199182
0.6882537019734729
-0.08804941136883032
0.9935160209316134
0.9354037405498936
0.8315053416450844
0.07150332592309083
1.275425988595738
0.6170441174850494
-0.15768498699793687
0.4815838275387229
0.9775208178855914
0.14445609607050633
-0.15808510846243315
0.4071347977055399
0.8088093427964997
-0.07647555654739915
-0.09750411139845908
1.3375635103040093
-0.02274471572165277
2.3884548623559043
0.627335478566071
-0.09252098870417919
0.07832570062494278
0.5721100606387037
1.2152067475516761
1.3277214396646393
2.0934789612397604
0.3535504233788818
0.2964541158461818
0.7540047748227244
0.4624968446682896
0.2877750770222371
0.17668465778767345
0.38547362021818843
1.4471478537573814
1.2476552043765419
0.5413933580716482
1.3468912972103102
0.7775134518187053
1.0369136593635635
1.2986029252475388
0.6228883103834788
0.30793027794743233
1.786060045859038
0.22816107771912386
0.20501371359863757
0.019874044750199348
0.6646312840249597
0.31298259996342026
0.2555050496675702
0.972623159859905
0.42735067087340306
1.8405830741439355
-0.023826391157281926
0.17119771009338206
0.14126908936833651
1.3610475304632064
1.2689448004639288
1.5227767419751328
0.02075551204653331
0.49879198283411863
0.548471732498668
0.6546512391026428
1.1980331839680602
0.4471983854213838
1.624504587245786
0.8612818039650467
0.8359861865636072
0.7010301010441715
1.2423813222672941
-0.25733267748266486
0.4550443665448805
0.7795290885044877
0.528690599330625
0.24242276315204192
0.6391306687282485
0.7190655919572636
1.7648964412512216
0.9132824013013174
1.5313764541146628
0.07905747150698589
0.665257963912476
0.22017186491320437
0.712713725017109
1.226299990826343
1.083571964106698
1.9806304807595876
1.5547865088953967
1.4672296622677576
0.23869634962530745
0.07874715054856765
0.9765688332525889
1.0002070848465534
0.769761519518521
1.4091926510867954
1.9655889118473655
0.30811468309179757
1.062339291840441
0.07064680505591964
0.9749799311715095
1.4818396998413232
0.482220422093905
0.4553559535918427
0.3039486734090102
0.342833999209374
0.6476563870689082
0.5335408661282994
-0.06790605418584633
1.5241667350528685
1.2578200806760207
1.4114710621884896
0.9898219305577183
1.535407633707831
0.739957812807467
1.4585592429909005
1.0319070531538153
0.40444122536964777
0.6535766921355162
0.2018140037485739
0.5420235959997589
1.6073652039147686
0.5706559062219018
0.5960509541015298
1.25728607594489
0.18213238999788806
0.4925733186979268
0.3213876049791422
0.8244910023952832
0.10664888231321829
0.20822657664000407
0.365821109244163
0.6275882495136558
0.2963421721755129
0.0631205755194274
0.7598913327669645
0.5707931389490906
1.4660006587187602
-0.2841542103655641
0.0688286172236
1.617352723220262
0.08514220031208493
0.931352864004519
2.8214736101147273
0.8353089043913154
1.2951801569787005
1.3609280971011266
0.45527232474620527
1.19980290350587
1.0542556002457917
3.5828833202840036
1.3114131185437972
1.7711614166150502
2.0080376815739096
0.5655975449760731
1.288237043805199
1.6621459742390494
0.4215141303059008
0.00922379653808588
0.7548850169461424
0.9039849500524622
0.9867933043128769
0.8372814184616935
0.3821210366354815
0.1705777006798644
-0.059918403237327125
0.8054686675195113
0.8741416100807391
0.08986422412091655
1.8099435232607457
0.5383453153447755
0.27612080027361974
0.37845744915739243
0.8729498556980597
1.1715570647241362
0.6399371152634242
1.4111822764267672
0.8776930625261025
0.7660275350409731
0.11591379911000466
1.1791843734615606
2.2118907512198462
0.22335468987358706
1.1454197868646863
0.11948173045437192
0.6185471474262271
0.107246216666182
1.0372309566472313
1.2025699027746823
0.4897537187836427
0.5673360488172428
2.0693412706541707
0.5065968305506164
1.6458303817628377
1.2591294451222153
0.23633805869096486
0.182897302328732
-0.05827952574351264
0.4806466910353624
0.16647801239796917
1.0201087548811123
-0.07718284078537002
0.39250882604314813
0.4805048795568698
0.4410483088413456
-0.2190767762580617
1.138287816039571
1.3071005986540811
0.3974018294251341
1.3479724080376356
0.6335571866989621
0.009087561417380097
0.39625204087832205
0.6852495866015282
0.8659036226191615
1.0535658467139395
0.5147367912411419
0.9406590138579801
1.7211332645804807
1.4670614617754387
1.619500875119106
-0.05856306133697857
0.03169092314351188
0.24986886889444226
0.9701351661552686
0.7549432311578457
0.7234731998703356
0.559270563185815
-0.08812100957957504
1.886745380422396
0.5765824608319267
1.778954594363219
0.5787515361974059
0.22237564213495692
0.40025882216817177
1.3290220045076926
0.35954971466830876
0.5239369562956097
1.928458144358566
0.32874546065112814
-0.2747930354777648
1.1583325099616555
1.6192838469571524
0.8048992209164614
2.572035188288039
0.999389506594361
1.1061369705165225
2.131890794667195
-0.04923165794026432
0.24535769377027547
-0.020007016667662914
0.5873635565812567
1.6724765841270557
1.3541315105408938
1.673405551226425
1.0501045288475792
-0.11711417361604731
-0.15803137819572724
1.9814968969818358
1.8501513692442344
0.2385129692672255
0.39827257991418163
1.0252663396378812
1.2022480539133564
0.48152526925516714
0.12485374378062092
1.5167059663722922
2.4835517444025905
0.3739061837367476
0.7058465365081023
0.34004090629347555
0.621673863872982
0.12325533108277888
0.8628589055144726
0.6549035554813261
0.5085460340876886
0.5210156526250885
0.4068466676270619
0.17364685863742238
1.439307173146855
0.2863199516456992
0.7833724776048767
1.8504117191387792
1.3960291590931937
0.3557188034400464
0.09199904551746713
1.7655157013936063
0.49729200465890705
0.4358332463000569
1.0286176724108278
1.283283178624002
0.2665919656423805
1.6634377755523384
1.297122089247194
0.673241036957553
1.0444410557947397
0.2918232559589234
0.20862002204316765
0.8342742175237223
1.2465965372570926
0.9156691611462089
1.9637123472669247
0.8078828929858399
0.9261625457018047
0.6317050658512304
0.1651589243478884
1.390378737680925
0.2858393239544831
0.8159851389924748
0.35548930606991247
0.9175518309293096
-0.054608727273917745
0.31138553697051197
1.2887282104793707
1.5814183251809963
1.8668514166467263
0.06967214634102611
0.3546761698823262
0.5851640058746732
1.0925683221051745
-0.08597594613114784
0.7088816591916084
0.8179914335512417
1.5371047218972782
0.8651957752348549
0.624299256861601
2.0438245353848643
1.1515065991806908
0.4465777771117169
1.7043363803171547
0.1284913290605825
1.1101563176385802
0.7839927655192392
0.9855199120168836
0.14507150244780306
0.5769379408611961
0.5957626439709156
0.9665613445484201
0.788437132449319
1.316898141397722
0.49724181692357305
0.6372079016078034
1.6447926963742072
0.18399489068166025
1.0026553937897575
2.382270167629444
0.8720073016533236
0.19596907991698637
1.703154381199328
0.10410996247129894
1.09854204794017
0.051899585159295214
0.30376894754668526
1.2649926932458166
1.5484381548389814
0.318580035499863
2.332628335365645
0.2245383084121857
0.07932255887284184
0.7447572393883825
0.8412611730985998
2.4257378771908265
0.2982985920502118
0.9161557130103863
0.5401605932444221
0.33443926026002924
0.9807454775731517
0.7263957973097621
1.7901607447737327
0.2065090003277183
0.8504582360668749
0.009426226237087554
1.1701746442831402
1.0650424439174717
2.1042900082931904
1.0505869611809062
0.7598939417539917
0.20331286610590443
0.5996102702485511
0.018998250834630526
-0.012019719784988808
0.7713599186773935
0.23697635236979636
0.43474960257428624
0.8092214033656843
0.3561923979058168
0.47059988390381924
0.4861018676482078
0.19244871767148433
0.8436580828615899
1.3020423411133368
1.2627616901955185
1.1443926127972532
0.2829663589559989
0.8026309076178101
0.6968194493406674
-0.011855485317105008
0.4952063207299948
1.1986523608719146
1.1508858339205181
0.9754841313216215
1.1400386173026438
0.8847339855352075
0.09712448849767444
0.12597445402871404
0.8800903920512895
1.8539695457760696
-0.00975578702547597
1.8477742013059653
-0.13172427551613877
-0.1233839330791591
0.5136028709519039
1.717343999066311
1.5329575116064085
0.41944466450671564
0.010311439904897052
0.28056303392573156
0.6949993454434817
0.4067110993798739
2.390391768881644
0.6204437799564033
0.511382671674449
1.8187808020968341
0.19024165215169897
0.9801176846343894
0.9593544793324131
0.714302384600478
1.1967250526849678
0.15811399245372235
0.28922175381618154
0.3601939669013253
0.7363461338651842
-0.032306193232141595
1.4950586935825336
0.13388409435090629
0.5118523164450957
1.0509405177527287
1.541596273599445
0.8176602254876227
0.2961785412308682
0.5877573359115603
0.8391557123110716
1.3243061670395726
0.38183782478055883
3.0618652171947223
-0.03905688584355678
0.11224327733896168
0.8747339385990629
-0.11332538829779229
1.0942127796081216
1.621338431151365
0.561901697475924
0.5857652805960929
0.9473329728255545
2.154411560719676
2.363329020352113
0.5335624040986318
1.217918654798567
0.6506509176677931
-0.13372379650841626
0.6185074160731805
0.33838850345160637
0.7686406616808591
0.04774837187604414
1.2207068433041948
-0.06467158339220869
0.5569773358399834
0.3690703484558492
0.39999264878440244
0.3632976147284397
0.2615547094014299
-0.013902305837888887
0.9573010291424585
0.19266618524257156
0.5458014364557915
0.8499064077766836
1.1681495688307142
1.1773451783314581
0.1376541001798437
0.772808582789523
0.8546273478149906
2.2148528801940444
0.7395585201353228
0.09182207700676193
0.43802967959569367
0.7694513668838163
3.7280849944230985
0.8266752876451654
1.380933661421263
0.5204032754207829
0.3378537569814561
0.41218079357514276
1.0799064962837504
0.4354785033466434
1.8255388210874146
0.7006810169599614
1.062965928998419
0.5935310574404143
0.21614750618354348
0.1346062904155122
1.2935517906566658
0.20791174088412331
0.1889275396820116
0.35753340244303033
0.09980543562543034
0.08503776243811556
0.29895751470186693
0.16156189126696208
1.179923830306961
0.25510300305595374
1.4609975563025928
1.7262421506173888
0.47525797138119397
0.48285443563912017
0.514124153081796
0.5498129194913046
0.3670905107629372
0.4535576912566341
1.1069402915209883
0.31706284404691903
0.43457574067322263
1.2872488089091043
0.21968899554269372
1.1135024928622568
0.8460515500103407
1.2244649194083048
0.15478242457973757
0.2567946190391457
1.3459565107906541
2.1569352470624485
2.871331076621472
0.48708944533226634
0.5393602111322984
1.1640118953722771
0.030076205663659025
1.518824535926024
1.4882668717976646
0.9767366854573651
1.770809919768659
1.465616676297361
2.0062371163712163
1.2391927177420732
0.8331050208520595
0.8052084116427671
-0.15552647067464453
1.8666813672183005
0.4864154424847049
3.3042925205511073
1.6921935611006322
0.57403920518632
-0.04960200505894985
0.28625508278672823
0.35882507836063265
1.1560675237570366
0.7693155156031768
1.262675093787318
-0.050977138566922375
1.0982792672454624
0.39545788256872993
0.3706718910297443
2.4929141029656345
0.6315624361546524
1.352526560900763
0.009199311279004474
2.729234548012296
0.6987857530368295
0.47956585558380876
1.5907084273259064
0.6006406636295509
0.09437490848697104
1.0636301905135719
0.0122767078133309
0.8264870172352333
0.08670099466080633
0.12132388984632402
0.45754159277769746
-0.3033186518109549
0.12838499338314127
0.9842172350510482
0.4065818699195547
2.2286846059281364
0.48314924763075645
0.9179688947341699
0.8938279227534593
2.061848416684019
0.3017213953966966
0.0017188764161751163
0.08393825553234399
0.23892372538543652
0.432212980123301
0.8095801235942329
0.5708931060282034
0.723537196723995
0.8165609693091491
0.7172884896772576
-0.45666023588366117
1.6800363306511854
0.7456380045720337
1.698891147915408
0.17008534260344413
0.0242170007492696
1.4607938585266984
-0.03180706031342803
0.4829410041413073
0.14607085964467553
0.2890543136589435
1.6880109399933185
0.42200702339235496
1.5641758033661308
0.4493803022709495
1.6250176301933725
1.846541823591299
0.8882998620869212
0.7293668627382841
0.1854834851093093
0.40250620990276853
0.668327013526373
0.3728174647908047
1.3890364677591887
1.0425572981109987
-0.06949985952057153
0.5402702271236938
0.09311685835904496
1.28832202225577
0.4522222918534737
1.4933595108327153
0.3235033740593835
0.7644510772586055
0.8006565168854873