0.3077761
0.6114015
0.4371703
0.1080987
0.6709307
0.9582527
0.5157728
0.3410127
0.7269716
0.5295994
0.4048234
0.9043914
0.2613214
0.1053900
0.2017570
0.5130547
0.7708142
0.2652156
0.2113820
0.5376762
0.8057004
0.5550392
0.1643487
0.2006500
0.3699424
0.5630945
0.1857334
0.3447868
0.3089517
0.7491398
0.8818807
0.0671437
0.9788708
0.6632329
0.0227869
0.4217891
0.0733720
0.5242602
0.9578491
0.3974766
0.4690663
0.0020568
0.3425189
0.4309355
0.4054359
0.3762890
0.3931956
0.8546502
0.0169069
0.6557886
0.8073529
0.8430509
0.2912888
0.8485559
0.8066357
0.7489162
0.9392700
0.8451541
0.3828650
0.2969249
0.8622152
0.9687080
0.5163347
0.1274149
0.9433515
0.6236036
0.9577881
0.8663316
0.5225139
0.8749242
0.7538422
0.2846568
0.5727925
0.4732860
0.4873987
0.5049213
0.6012160
0.2129048
0.8023139
0.9380045
0.9101803
0.7227896
0.4006306
0.4639362
0.9949361
0.3870024
0.1664670
0.8211821
0.2564380
0.7351547
0.4959062
0.5420473
0.8099705
0.2657972
0.0468483
0.2900579
0.8219401
0.6597954
0.8193129
0.7397621
0.1469429
0.1972949
0.9571833
0.7152295
0.4426642
0.0773868
0.8448289
0.9170770
0.0127880
0.5070105
0.0723534
0.2298526
0.1966943
0.7505522
0.6618716
0.6547965
0.7532900
0.6923325
0.5607602
0.9822225
0.8636283
0.0805800
0.6514081
0.5717171
0.7177234
0.0225626
0.0138615
0.4678522
0.3843973
0.5949597
0.1499186
0.5983171
0.6653014
0.5342344
0.3950872
0.8048950
0.1229076
0.4668995
0.7863975
0.1644139
0.4985526
0.5618586
0.3314111
0.1766721
0.4248957
0.7930381
0.3786711
0.6037883
0.0307324
0.8665569
0.3427323
0.2223907
0.9391708
0.2320567
0.6173431
0.1393983
0.7523223
0.7234665
0.9577085
0.1293336
0.5513847
0.7326945
0.1248188
0.5449170
0.9883733
0.6185225
0.3793756
0.4684470
0.2143264
0.9894167
0.2965072
0.7314386
0.9652257
0.5422986
0.2419544
0.4818577
0.6016350
0.8591967
0.5123213
0.5194071
0.2916324
0.2778964
0.8089777
0.6550940
0.2905672
0.0229818
0.0077744
0.2528644
0.1578431
0.4590726
0.0899336
0.2182356
0.5890625
0.2883377
0.9758013
0.4354135
0.7119381
0.6838254
0.1027998
0.5633083
0.2762114
0.8746605
0.4867120
0.4905944
0.5449774
0.3178705
0.6967999
0.5842498
0.2611306
0.7557918
0.4636740
0.2322255
0.5580650
0.5765548
0.5059919
0.1478630
0.5160388
0.2853165
0.4620411
0.4419089
0.8909778
0.8487305
0.3365916
0.6887782
0.9169141
0.7065546
0.8061174
0.6961279
0.7444346
0.7477704
0.5934419
0.7267611
0.8594960
0.0774866
0.0545096
0.9390939
0.1626391
0.6665523
0.7418779
0.8666819
0.1621906
0.9843498
0.2514483
0.4552389
0.9437884
0.9203269
0.7233913
0.2887811
0.6535106
0.6476155
0.6867241
0.2826569
0.7708316
0.4432704
0.4055285
0.7767769
0.6503603
0.1429139
0.5095256
0.4695798
0.2295925
0.0755377
0.9308022
0.5407572
0.8254149
0.2079688
0.1416515
0.4716009
0.9790738
0.3845135
0.4609538
0.5909622
0.9425412
0.6225532
0.4033951
0.2081724
0.7870640
0.4682068
0.9007924
0.1639874
0.5835742
0.3110410
0.9423172
0.1235298
0.1709621
0.1451898
0.8973171
0.1683602
0.8428610
0.2084502
0.0556966
0.7826203
0.7236698
0.4621041
0.7445777
0.6686079
0.7928966
0.1672325
0.4293897
0.8314141
0.1270456
0.3786315
0.0757057
0.0186078
0.2177830
0.5566199
0.5626288
0.9181038
0.6080614
0.3893451
0.1608044
0.0807435
0.6399785
0.5522838
0.4449261
0.4102158
0.7761796
0.3935844
0.1732270
0.5102168
0.8712372
0.1308454
0.9120540
0.8782583
0.0533745
0.6050645
0.3960923
0.3453447
0.7540883
0.9497856
0.3536106
0.3548918
0.3913858
0.8543599
0.9535807
0.7443741
0.4490781
0.1929916
0.5396227
0.8358554
0.5705835
0.9802416
0.1921850
0.7245625
0.2215791
0.2341593
0.0909643
0.0016131
0.9036492
0.3245402
0.4261633
0.3321557
0.0474332
0.4697110
0.5186777
0.3968795
0.8037830
0.2709034
0.0250768
0.2018664
0.7307408
0.1328778
0.1440243
0.2592317
0.4079268
0.2518772
0.9299319
0.4254925
0.8161988
0.9922882
0.0138832
0.5542963
0.4478467
0.2336130
0.3114173
0.2974472
0.6337326
0.1227099
0.5619252
0.1923512
0.2526449
0.9860025
0.2100636
0.8325762
0.7666791
0.4872389
0.0718945
0.9911874
0.9369480
0.6897504
0.2845422
0.6575174
0.2378018
0.2794586
0.7579064
0.6847378
0.4970592
0.8417009
0.6691906
0.5903339
0.4145089
0.0497909
0.1415514
0.1953451
0.5441595
0.1023153
0.8807892
0.6164200
0.0968459
0.5275073
0.4187972
0.0959332
0.3518048
0.8524343
0.9281557
0.8759460
0.9993174
0.1440856
0.5062530
0.4618844
0.2262843
0.0743791
0.2464138
0.4285590
0.1110685
0.6672761
0.0974001
0.8141699
0.8289091
0.7610507
0.2469538
0.1796736
0.2585139
0.5143236
0.4005190
0.9092952
0.7585894
0.3895372
0.4912590
0.6090751
0.8807451
0.3156990
0.8557843
0.1530096
0.6727851
0.5162108
0.3934172
0.9256467
0.7932793
0.3648324
0.1134491
0.1642743
0.7533597
0.4293337
0.5783969
0.5494180
0.8446437
0.2639744
0.3854929
0.4233304
0.8042378
0.7686025
0.1417474
0.6476081
0.5687955
0.3413397
0.0078432
0.3430635
0.0190656
0.1537022
0.5556302
0.8618782
0.3932905
0.7633365
0.3495926
0.9055755
0.9947740
0.8373490
0.0755285
0.7831629
0.3820684
0.4720695
0.1540118
0.1032777
0.4930781
0.7462617
0.0763158
0.8357949
0.8853055
0.7748425
0.0402188
0.5383521
0.2535930
0.3772400
0.0333518
0.1339674
0.2792084
0.2017221
0.9455894
0.8486472
0.9237773
0.5726162
0.6650557
0.6261475
0.7277120
0.8770943
0.7075552
0.1185619
0.8368151
0.0417135
0.1963141
0.3520325
0.1776939
0.5244254
0.3335279
0.3674700
0.8310168
0.7787881
0.4843131
0.3981487
0.3972862
0.0831950
0.0784604
0.1529036
0.0567418
0.2190145
0.4149506
0.7305978
0.0989472
0.6275941
0.4188134
0.1076835
0.5788823
0.3756535
0.9184528
0.6356221
0.3675940
0.1558552
0.6240239
0.8618430
0.3136969
0.9797232
0.6168398
0.5317965
0.7962604
0.2858911
0.2852234
0.9772053
0.3624478
0.7836861
0.9500865
0.5247262
0.8476793
0.9853858
0.4073616
0.3473944
0.7865247
0.1950990
0.4849298
0.3836211
0.5143986
0.7867049
0.6475790
0.9398060
0.4906705
0.4167804
0.4328657
0.2388458
0.5857899
0.5484612
0.3050799
0.9108907
0.6712330
0.2014838
0.8360454
0.3245833
0.2183984
0.3578803
0.7194124
0.3980903
0.9906511
0.8485694
0.8222437
0.1984248
0.9793135
0.0300277
0.1534853
0.5550593
0.3041863
0.6938905
0.7372758
0.0737231
0.9893700
0.4131434
0.3365763
0.8274128
0.6465871
0.3271839
0.0029886
0.6460756
0.1064296
0.9722072
0.0720401
0.8068500
0.3359418
0.1729830
0.2724258
0.4840714
0.6661761
0.7347512
0.5476965
0.2824545
0.8173042
0.4182529
0.0854907
0.6833634
0.7952575
0.9982620
0.9027392
0.9652773
0.6879768
0.9262485
0.1614101
0.2582646
0.1232108
0.6374784
0.6678814
0.4323580
0.2210181
0.6519831
0.8760404
0.2399395
0.1062161
0.2401591
0.3583455
0.8494386
0.4351287
0.1105242
0.5727810
0.2648213
0.9612508
0.5634227
0.2673989
0.1423711
0.2808131
0.3697764
0.8531649
0.5905272
0.1202167
0.9774210
0.2798812
0.7953548
0.9693466
0.5121194
0.8474822
0.9629366
0.4945832
0.3552914
0.5443368
0.2734234
0.7072257
0.9152794
0.8251579
0.1824802
0.3409014
0.7742114
0.9274273
0.9201758
0.9829149
0.6911946
0.3313767
0.8265972
0.6176357
0.3437728
0.3986902
0.6639350
0.0381525
0.4662588
0.7394016
0.8978084
0.8687606
0.1683857
0.9662720
0.8952381
0.0137521
0.0381205
0.0222055
0.0459496
0.9140068
0.6566380
0.1054371
0.2234817
0.2685127
0.6901247
0.9343470
0.3850630
0.7665057
0.7504720
0.8353056
0.5705613
0.5876471
0.7535727
0.4136103
0.7954164
0.4297775
0.5692741
0.1316800
0.8229824
0.8948602
0.8652078
0.9166504
0.9708315
0.1042260
0.5643352
0.9143156
0.5411618
0.5742170
0.9381928
0.7381772
0.6808639
0.1920157
0.5603823
0.2308247
0.8280146
0.5678440
0.1876784
0.5366866
0.1836330
0.4683966
0.9350925
0.3556894
0.0235577
0.3227662
0.1033067
0.7167529
0.9661422
0.7968824
0.3817664
0.4035674
0.4225435
0.3820901
0.7704532
0.8225470
0.6492217
0.4055768
0.2855623
0.3232183
0.1182947
0.7701259
0.6304030
0.3034090
0.5849398
0.7558775
0.6059090
0.0466351
0.7433604
0.5077684
0.0473474
0.8189227
0.8263056
0.6562910
0.3261225
0.2171721
0.0724576
0.0015417
0.9731078
0.7541346
0.0115733
0.3389523
0.8450997
0.0246451
0.5821632
0.8656535
0.5157171
0.4585743
0.1810405
0.9397710
0.1275020
0.1280528
0.1385579
0.2608623
0.0221430
0.2320798
0.5600377
0.2434993
0.1319404
0.2625481
0.4210587
0.7916688
0.9379768
0.5348465
0.4708793
0.3345849
0.5861056
0.6403043
0.4676260
0.5269956
0.4251315
0.9628773
0.7600312
0.1904090
0.8702648
0.7266098
0.6781877
0.7566040
0.5329537
0.9729063
0.7593407
0.4465862
0.2628509
0.5859877
0.2035058
0.1880624
0.6623614
0.7916583
0.4660459
0.0047242
0.0363328
0.3297762
0.9012474
0.1280037
0.6660341
0.8288176
0.8602975
0.8541771
0.4513919
0.7774622
0.4356315
0.4117478
0.4501304
0.4751673
0.3813930
0.0737492
0.6189919
0.4375165
0.3719845
0.5886956
0.4462234
0.4253943
0.0170473
0.3078599
0.5296801
0.1048083
0.2408013
0.7663713
0.7823634
0.5550978
0.5792916
0.7244673
0.8887589
0.6916314
0.8274083
0.5187613
0.2828556
0.5994963
0.5548456
0.3799710
0.1652951
0.0561332
0.0500456
0.1485518
0.7063051
0.0471206
0.1927075
0.2732531
0.8112443
0.6096050
0.5608429
0.5429791
0.7175238
0.2946696
0.7141466
0.1524948
0.6860250
0.3172631
0.3920062
0.4018418
0.2731726
0.4432940
0.3208855
0.8066863
0.1704865
0.4322466
0.6546791
0.1647103
0.0056194
0.5216698
0.5081461
0.7066910
0.5097144
0.4783006
0.0949039
0.0478112
0.7780636
0.3470210
0.6502217
0.9531618
0.5931543
0.7791842
0.2588760
0.9832248
0.0108978
0.4172647
0.8399079
0.1317026
0.3451517
0.6907126
0.0244494
0.4228276
0.0408086
0.6730747
0.9789700
0.4532145
0.4755765
0.3804382
0.7988178
0.5045049
0.3822197
0.2753409
0.6165635
0.4088674
0.4028625
0.8814776
0.4478846
0.2488098
0.5203853
0.4123197
0.6190413
0.6854809
0.4265008
0.8956281
0.5827397
0.8714750
0.3599878
0.2012618
0.2269593
0.7635746
0.9704025
0.7033792
0.2905366
0.9291957
0.7262582
0.2079895
0.0276414
0.7914701
0.8340820
0.4297354
0.2229483
0.8359807
0.5119891
0.3688726
0.0672892
0.4265867
0.2444773
0.5402196
0.9205121
0.5630684
0.8422072
0.5743792
0.4912405
0.8350523
0.2895421
0.5389652
0.4352052
0.4839747
0.3296364
0.7579930
0.1081957
0.5099798
0.3538411
0.8389552
0.6678890
0.5372532
0.2841417
0.4542097
0.2658406
0.5417097
0.0020858
0.5615610
0.0345249
0.8363239
0.1781788
0.1331371
0.3062425
0.7390986
0.8449483
0.3194415
0.0216845
0.5437739
0.2078846
0.3325223
0.4911764
0.0995307
0.3831928
0.1847803
0.4403652
0.7565360
0.8723868
0.5403709
0.8948991
0.3892206
0.2653044
0.0204254
0.7295739
0.2333607
0.8508852
0.7464445
0.3087259
0.9085738
0.6780163
0.9782649
0.9772079
0.6333998
0.3620179
0.3021440
0.7504868
0.8619070
0.2377991
0.6610399
0.7603508
0.4183598
0.1412360
0.8904245
0.5345569
0.5462269
0.4704141
0.8074171
0.5950560
0.8097111
0.4614660
0.2181356
0.2861156
0.2634532
0.4484757
0.1510511
0.1784836
0.5100281
0.2591271
0.3722201
0.9376720
0.1586978
0.5234444
0.0707110
0.2525994
0.1512479
0.5635028
0.6862637
0.2467995
0.2167358
0.5381969
0.4439857
0.6279762
0.7586974
0.9604861
0.6477352
0.1354115
0.5221602
0.1582397
0.4434570
0.2762187
0.1946220
0.3296187
0.5178454
0.3789720
0.1687777
0.7265467
0.5449816
0.9602615
0.7831972
0.2803403
0.6768738
0.5221505
0.0299869
0.8469240
0.1719736
0.3312685
0.6991347
0.6778021
0.6104252
0.7307182
0.6002407
0.4424621
0.4070141
0.1258733
0.2859497
0.0720192
0.7506740
0.6755557
0.7923105
0.2000231
0.1730367
0.3159577
0.2345740
0.9928735
0.5735626
0.3235689
0.9057176
0.8845595
0.8346053
0.1991535
0.5748727
0.0957423
0.7147640
0.3801864
0.8875533
0.9215799
0.0530440
0.0819488
0.0024757
0.1004433
0.3961271
0.5109310
0.5763864
0.7748295
0.4712737
0.9682035
0.6082759
0.8788394
0.5713266
0.6148875
0.9988553
0.6009165
0.0087411
0.2518151
0.1378366
0.7535706
0.5610992
0.5887245
0.2839990
0.4707279
0.1362383
0.9897786
0.7926398
0.7591735
0.7445295
0.7668062
0.1198669
0.0262129
0.4147767
0.8476065
0.1098573
0.9570360
0.2808922
0.2325468
0.7220693
0.7330456
0.7178401
0.3746750
0.1164760
0.5061847
0.6991193
0.4860518
0.3702973
0.4084389
0.0243363
0.8395018
0.2041686
0.6490537
0.0758630
0.2277646
0.5173003
0.0341793
0.9941266
0.7861578
0.6062035
0.8636425
0.0435668
0.9399755
0.2831101
0.6917260
0.2972215
0.1547598
0.7974024
0.9381952
0.2084958
0.9219830
0.6919859
0.8627264
0.2958204
0.3709137
0.2880108
0.8385631
0.8951053
0.3361877
0.0269014
0.5445173
0.5214971
0.4822913
0.7770962
0.9341463
0.3352305
0.0500208
0.6331070
0.5810797
0.6961570
0.2168231
0.1433632
0.7615308
0.0771153
0.8029381
0.8747042
0.9607961
0.7249015
0.4750011
0.4217277
0.9091916
0.3539491
0.7098664
0.5001440
0.1970045
0.4035049
0.8498480
0.4666474
0.4761243
0.2041991
0.3621870
0.7526432
0.2534387
0.0278332
0.9614015
0.9450157
0.1501557
0.5271270
0.3430507
0.7331200
0.5106173
0.2185210
0.2183436
0.3401665
0.2662105
0.0012788
0.8670289
0.7761187
0.9865207
0.7657288
0.1203679
0.7878244
0.0416497
0.8846317
0.7458479
0.3646925
0.8295648
0.5917768
0.1062147
0.2514873
0.7069096
0.3471046
0.1042818
0.3314676
0.1255510
0.4169459
0.2105755
0.3285071
0.5377900
0.6669935
0.7789574
0.4973959
0.4728413
0.9365735
0.2551296
0.9523135
0.5008851
0.9610685
0.3359254
0.1440297
0.2289929
0.3067546
0.4299190
0.9711177
0.9456712
0.2573146
0.9974885
0.6730011
0.1636174
0.0750593
0.2696350
0.6786982
0.4422221
0.6917648
0.4898603
0.3658190
0.5810579
0.1527086
0.7022060
0.3991407
0.0041481
0.3603804
0.8110744
0.0856941
0.0157831
0.0832742
0.3348263
0.5653617
0.1078264
0.5000102
0.9344924
0.2521571
0.5755268
0.8135165
0.3682945
0.4729030
0.6288306
0.9969905
0.1737032
0.3335738
0.7452235
0.7384772
0.9395014
0.8946616
0.1855953
0.3354389
0.1536093
0.4149193
0.3053720
0.7519718
0.3028995
0.6899463
0.4446999
0.9283367
0.3270528
0.4291836
0.5012020
0.9687499
0.4082510
0.9646061
0.7932571
0.9071091
0.9236991
0.3772980
0.2967695
0.6576831
0.5430357
0.5447160
0.6873571
0.5859326
0.4894583
0.2091382
0.0569600
0.0522220
0.9008419
0.0823974
0.4965999
0.9246832
0.1151248
0.6962345
0.1033406
0.9523637
0.6758405
0.6431289
0.7699440
0.8058084
0.0445926
0.4303801
0.7638538
0.7945227
0.2640802
0.1706611
0.4290880
0.7439719
0.4913897
0.9464698
0.2210442
0.6659995
0.2469254
0.8925281
0.7050057
0.7453096
0.2741760
0.7074275
0.2051507
0.9598250
0.1651865
0.2175855
0.4128226
0.5056343
0.0460492
0.2867254
0.7930092
0.6820293
0.8269582
0.1542921
0.2356942
0.5748217
0.8022017
0.8313965
0.3630221
0.7343349
0.5114057
0.7531483
0.3278034
0.3955727
0.6814383
0.9953950
0.5201154
0.1428417
0.2288925
0.4810785
0.6299069
0.3356422
0.7020162
0.1758279
0.5170900
0.4875484
0.4577087
0.5649203
0.3372483
0.0799697
0.5390775
0.2200204
0.1163432
0.3061526
0.4471083
0.7151488
0.0727689
0.5632258
0.6515409
0.2258296
0.7358594
0.4873420
0.0783176
0.7558061
0.6033262
0.3652340
0.1285536
0.3753549
0.7164133
0.5728593
0.1272584
0.3352546
0.6377274
0.0859307
0.2885251
0.4488221
0.5281315
0.1697349
0.8333285
0.0477307
0.5672483
0.7966898
0.0836674
0.9496485
0.0451085
0.5624716
0.5203283
0.2884545
0.2117894
0.5538011
0.9464844
0.1452268
0.5691596
0.5593973
0.8836852
0.1409254
0.9090314
0.0480219
0.3004846
0.0163042
0.0267828
0.3341389
0.7897899
0.6370236
0.2675106
0.0284858
0.3759258
0.9928303
0.1692462
0.9095520
0.9256056
0.3304405
0.2933095
0.3730260
0.1622744
0.9943102
0.1622095
0.7715299
0.1903679
0.1427035
0.6529713
0.0935201
0.0770829
0.0910891
0.2156323
0.2304422
0.8865685
0.3732194
0.5766979
0.4011583
0.4400212
0.6058854
0.3055475
0.3920028
0.5270353
0.5415635
0.9194955
0.8414640
0.1049863
0.8075626
0.5031892
0.1411809
0.7605528
0.1776864
0.7441986
0.2115910
0.2302931
0.5220523
0.4974923
0.6202738
0.1450005
0.0863183
0.5047396
0.9642840
0.8930779
0.5970493
0.6334018
0.6048095
0.1917813
0.3328276
0.8922220
0.2834629
0.9713477
0.5787327
0.8155786
0.7930167
0.3818545
0.8113723
0.4831130
0.9270634
0.1911802
0.9242091
0.0265073
0.3614274
0.9697169
0.2100163
0.6440095
0.0025974
0.3973205
0.0103557
0.9783749
0.8602529
0.7305646
0.5827390
0.6639952
0.7886535
0.2209206
0.8349645
0.1825232
0.1589883
0.0696247
0.4578663
0.7152047
0.5180884
0.9290444
0.1916586
0.1551058
0.9201857
0.1799944
0.9400301
0.5566007
0.5260219
0.1949147
0.7624412
0.0132300
0.4220237
0.6292596
0.9780803
0.6096100
0.1742784
0.7766895
0.5759585
0.9051924
0.2936367
0.0835098
0.3767228
0.2477250
0.1730287
0.9360365
0.0541302
0.0222282
0.8160418
0.5156363
0.4002224
0.1171702
0.4702188
0.5207456
0.0724729
0.4969101
0.3078361
0.0507060
0.5275838
0.8745515
0.9545772
0.4926406
0.9053464
0.1975868
0.3727701
0.8355997
0.2929385
0.6617012
0.1478518
0.6452618
0.2622598
0.9676354
0.7929063
0.0302590
0.8051664
0.6314915
0.9339005
0.9229632
0.0645682
0.6616083
0.1085685
0.1681297
0.9105037
0.4489543
0.1489046
0.7239216
0.3263962
0.3752202
0.0265067
0.1986578
0.1612634
0.0004935
0.3513999
0.3106563
0.4512771
0.8133103
0.0127826
0.3309844
0.2528018
0.1863383
0.5402041
0.2982247
0.8677803
0.8153752
0.4112549
0.5087179
0.4100364
0.6059022
0.2308129
0.4445266
0.2662426
0.6889046
0.3610121
0.4373220
0.6537115
0.2596848
0.5331404
0.8697372
0.1934426
0.5292269
0.7537942
0.4303178
0.0610886
0.1951141
0.0393247
0.6514720
0.2324687
0.9150711
0.9608185
0.9642250
0.7566494
0.2601166
0.8522891
0.6176636
0.1186461
0.4296247
0.3123870
0.0891034
0.6590149
0.2207166
0.4604430
0.6726928
0.9502741
0.2574312
0.3858162
0.5480503
0.4357289
0.4556525
0.1455861
0.5202315
0.3714030
0.8779178
0.7804896
0.7380893
0.1897515
0.1216512
0.4807040
0.5773873
0.7056815
0.3512857
0.4485638
0.0730601
0.8485741
0.7552614
0.7828454
0.7164671
0.3695966
0.7953686
0.1667439
0.1007724
0.2923754
0.2947282
0.0093576
0.0017284
0.6979334
0.0119028
0.2117513
0.8793632
0.3098700
0.4140642
0.9405903
0.4477574
0.8633577
0.8827622
0.6048059
0.0902891
0.0927605
0.0596785
0.8058142
0.1156168
0.3847729
0.0104310
0.9277612
0.3477021
0.4104895
0.3162093
0.0245965
0.8259910
0.6949341
0.6281462
0.6335222
0.0626310
0.9664691
0.1427646
0.8099552
0.6266590
0.4535009
0.8464254
0.0355598
0.1890855
0.5460789
0.9132045
0.3978678
0.2693178
0.6525930
0.1787635
0.8134306
0.6100043
0.6546897
0.8045878
0.7621541
0.8567861
0.1931053
0.2332541
0.0815041
0.5064130
0.3816631
0.1683328
0.7851895
0.5801689
0.6468986
0.9244334
0.5192690
0.0584408
0.5448746
0.4793037
0.8717748
0.3893778
0.9855839
0.5174908
0.4910389
0.6281652
0.0886437
0.8684495
0.9173705
0.6643708
0.8482020
0.8396051
0.6410701
0.9199509
0.4323075
0.8368318
0.1196519
0.2075631
0.2125162
0.2079126
0.6014134
0.7476800
0.9337447
0.3592058
0.4103453
0.8834700
0.1934905
0.9634134
0.5129327
0.5963618
0.7017847
0.3256015
0.2511411
0.7301944
0.7752894
0.2026108
0.6636048
0.1690170
0.4001756
0.1384477
0.7265062
0.7721516
0.7353809
0.8380458
0.1429672
0.5910600
0.9301570
0.6458888
0.6373751
0.2609121
0.7137626
0.9881152
0.5918968
0.1481121
0.4940102
0.3669823
0.2983023
0.6928622
0.5101328
0.6031742
0.5583011
0.5766304
0.6468709
0.6988397
0.6400676
0.1214507
0.1295468
0.0183048
0.6886260
0.2606019
0.5724889
0.8569315
0.4704393
0.9195758
0.9178764
0.9657117
0.2686567
0.4747045
0.9028207
0.4855449
0.7723397
0.7444345
0.7894689
0.2255295
0.5254519
0.2098669
0.0980505
0.2394394
0.4450042
0.9348915
0.7976542
0.7733526
0.8772534
0.7881125
0.0127778
0.6032412
0.7312468
0.1378533
0.3810700
0.1362310
0.2212263
0.6020213
0.7861033
0.1679408
0.7141673
0.6373333
0.2660538
0.3154561
0.5970548
0.1985327
0.0379332
0.2371615
0.3532833
0.2090844
0.4257445
0.8066810
0.8175390
0.4311327
0.2581332
0.7041360
0.3159590
0.0298171
0.0020036
0.5610623
0.6823187
0.9055113
0.6777239
0.7871921
0.0155197
0.6666110
0.7550325
0.3045292
0.7700637
0.5370657
0.8844472
0.8110353
0.1292176
0.7978661
0.5201098
0.1217918
0.1438145
0.0554886
0.9485929
0.7104754
0.5046291
0.8314111
0.7438736
0.3626614
0.4928468
0.9071078
0.0873192
0.9949387
0.3905754
0.5362769
0.7879547
0.9771364
0.9106759
0.6503806
0.5177387
0.3190721
0.2325494
0.8074584
0.8898402
0.8941080
0.1504527
0.6273393
0.2946268
0.9570351
0.6372129
0.2087858
0.9966425
0.3273652
0.4900104
0.4760376
0.2089384
0.7375435
0.3646314
0.6814041
0.4837659
0.6833828
0.0118576
0.0734171
0.0457462
0.6884249
0.9969826
0.1213491
0.9851465
0.2285410
0.3246617
0.6532130
0.8557099
0.5983069
0.9640030
0.1091549
0.0212730
0.8146118
0.1211767
0.3400756
0.0755571
0.0411496
0.3617721
0.1824453
0.9161467
0.6424486
0.5628040
0.6412941
0.2452380
0.0239357
0.6356184
0.3977485
0.1675922
0.1816129
0.3587410
0.7644701
0.2737347
0.3357432
0.9492281
0.5974647
0.4463406
0.8044283
0.8691762
0.7862141
0.1211718
0.2691954
0.2816501
0.0653440
0.1068948
0.8319575
0.2494121
0.6270360
0.5487834
0.1037051
0.3422429
0.1776417
0.8615925
0.9255304
0.1208173
0.5976939
0.2025178
0.4447328
0.5580350
0.3911559
0.2288582
0.1806024
0.7593311
0.6108579
0.0017259
0.9684156
0.9078926
0.5104161
0.2266808
0.1579982
0.2529985
0.8349586
0.6758472
0.5658611
0.0494647
0.6082126
0.9384723
0.7966309
0.6900364
0.7699353
0.7936917
0.6182449
0.1905251
0.3696835
0.6972375
0.7744714
0.1498406
0.1028896
0.4426104
0.5231989
0.5084653
0.2235108
0.9007060
0.9567386
0.4526558
0.7937049
0.2471088
0.1662055
0.6333528
0.1365947
0.5611882
0.4955336
0.8386795
0.4583562
0.3383134
0.2020777
0.5591929
0.9472234
0.3190713
0.1286859
0.8891637
0.4473935
0.0913911
0.3499535
0.5133452
0.4460020
0.6040340
0.0286311
0.1463016
0.4211004
0.2222562
0.1274035
0.6082738
0.5883549
0.8839957
0.2573262
0.7265830
0.8987202
0.3927726
0.9935263
0.1154913
0.7015508
0.1482068
0.0417691
0.8841179
0.5343049
0.2551169
0.2355533
0.3212249
0.6991584
0.2165328
0.1769923
0.5917909
0.0819152
0.6571005
0.2662369
0.6571185
0.9787253
0.4856971
0.5147144
0.8561463
0.3842207
0.4140798
0.5309449
0.6477640
0.2388495
0.5972582
0.3365062
0.8799741
0.0962869
0.8659131
0.4729581
0.4140800
0.9331447
0.9219819
0.5077219
0.0244073
0.8987271
0.9966627
0.2388606
0.6674052
0.3755397
0.9589522
0.5600223
0.8039555
0.0885865
0.1994865
0.2059249
0.3991916
0.4921309
0.7204286
0.8492589
0.9178309
0.2876396
0.0525504
0.4333544
0.6048862
0.3223558
0.0999349
0.6173861
0.1598323
0.3177181
0.7800670
0.2459131
0.2079856
0.1209223
0.7744125
0.3225278
0.9809951
0.6897591
0.2957718
0.4369510
0.5905827
0.2532869
0.0175243
0.1300821
0.7976335
0.7375664
0.4997872
0.9444495
0.4440818
0.6277210
0.9056033
0.8473990
0.3520300
0.0915305
0.0318188
0.1569955
0.2358731
0.7035744
0.8991098
0.4486748
0.5333872
0.4019041
0.3553490
0.8817549
0.0008160
0.2014500
0.4247914
0.4492814
0.5995496
0.6159054
0.2980860
0.1780069
0.3248715
0.0329860
0.8174170
0.4195875
0.2363827
0.6053938
0.7466055
0.9268547
0.9514833
0.8682245
0.7237451
0.9483213
0.0668166
0.9809719
0.5593564
0.2174541
0.5484398
0.5597180
0.7237647
0.5986736
0.8284598
0.1720849
0.6663782
0.8975132
0.5889337
0.5332070
0.4350693
0.0986569
0.3021299
0.5322484
0.6492735
0.2827963
0.4829103
0.1332849
0.2184615
0.9292219
0.7680306
0.0233768
0.5941550
0.8128657
0.9236201
0.7196798
0.6509766
0.7817626
0.9241909
0.7637874
0.7133163
0.8851586
0.4439974
0.1365235
0.8409726
0.9860393
0.6970591
0.5800210
0.8214601
0.5715000
0.5219346
0.0436208
0.7246771
0.6776628
0.3133477
0.4330760
0.9513186
0.7406540
0.0809827
0.4373205
0.3663015
0.8778127
0.5691958
0.9558937
0.6991639
0.6628122
0.6644547
0.6829722
0.7290723
0.4923374
0.2053179
0.9332344
0.2876719
0.4810989
0.0260521
0.5941000
0.4570505
0.6853035
0.8926427
0.4742464
0.4004706
0.8703660
0.3479068
0.2641362
0.5258241
0.3262238
0.7445392
0.5026785
0.2536477
0.7024813
0.7261018
0.2959924
0.7241906
0.7351059
0.7892344
0.8745544
0.9584923
0.7926215
0.1487069
0.8664457
0.8748058
0.4724651
0.9869623
0.2041094
0.2553152
0.6648401
0.9338776
0.3905963
0.9434027
0.4451656
0.8790860
0.1463835
0.1023267
0.0229760
0.6230819
0.4533586
0.0835219
0.8272653
0.8491497
0.7271031
0.8996818
0.6264107
0.2393800
0.2439352
0.8183739
0.6251019
0.6798898
0.0468115
0.5213762
0.1393935
0.2490590
0.7698095
0.7055590
0.3648062
0.3004154
0.1928240
0.3162556
0.6674040
0.0159977
0.9817576
0.8142178
0.2184208
0.0182292
0.3716577
0.4214742
0.4961391
0.4772842
0.2913356
0.6899025
0.3912232
0.6513097
0.3529378
0.9774311
0.9514030
0.9016548
0.3772292
0.7604788
0.2146263
0.8565065
0.3261137
0.9444844
0.4932528
0.9481783
0.3395880
0.8992426
0.9081859
0.6559423
0.8046768
0.9456778
0.3306738
0.3824332
0.4285320
0.4552969
0.4216127
0.2919262
0.5824454
0.3483978
0.9213100
0.4242417
0.5444938
0.9255542
0.2408704
0.7345627
0.7921614
0.4426394
0.7658623
0.8280540
0.1923735
0.0181784
0.4073015
0.1386674
0.0266117
0.4022318
0.7792012
0.9842720
0.1501545
0.6713151
0.0326694
0.6983115
0.2849962
0.3611827
0.8344413
0.9050175
0.1448077
0.7747670
0.5554829
0.2212620
0.4986096
0.8112082
0.7213816
0.3191356
0.5306309
0.9765092
0.7034997
0.6548318
0.7609607
0.8691066
0.6719543
0.3886894
0.4089757
0.8314784
0.4673831
0.0479699
0.6780247
0.5760068
0.3966882
0.9274389
0.9364508
0.8015696
0.4259281
0.7560702
0.1727431
0.8531318
0.4463787
0.1911631
0.0652779
0.5616401
0.3527832
0.3372405
0.0817842
0.9304979
0.8133679
0.5575453
0.5641366
0.8721137
0.3140738
0.3611785
0.1992441
0.4015121
0.8095018
0.0390035
0.5046288
0.2094289
0.3440397
0.5237295
0.9533161
0.3261078
0.3688140
0.4432555
0.1452721
0.5847415
0.8409153
0.1492251
0.5259723
0.0746960
0.8128482
0.8675199
0.0503864
0.1315083
0.3529839
0.6881240
0.6488992
0.3859610
0.5458907
0.4598721
0.6711192
0.3167535
0.4320217
0.9428261
0.6621026
0.3880240
0.8414003
0.7382212
0.0292392
0.1847752
0.1629456
0.3133655
0.7601383
0.3015182
0.3117966
0.7361327
0.6751605
0.2123586
0.3178634
0.9788265
0.9573556
0.8546063
0.0797185
0.4754950
0.9267969
0.5932308
0.4024109
0.5201612
0.3524061
0.4120658
0.4350195
0.3686180
0.8300745
0.7398333
0.7144416
0.2554047
0.8030119
0.5380742
0.8822207
0.0877075
0.8607323
0.0315813
0.2403044
0.0058920
0.4301984
0.8192676
0.0220669
0.5600894
0.1168191
0.1875794
0.4510270
0.2336879
0.5981729
0.8649747
0.2706547
0.7338534
0.3830327
0.3802180
0.7021565
0.7900015
0.4254869
0.6242344
0.2096925
0.7872855
0.6891926
0.0085793
0.4187719
0.0872155
0.1956056
0.3138092
0.9800833
0.0877557
0.7366820
0.9546348
0.3045455
0.7810141
0.0307570
0.9481806
0.7010628
0.8557703
0.0440461
0.9458940
0.8837105
0.9525005
0.6334959
0.9732512
0.6520572
0.1538313
0.3021899
0.0667504
0.3523929
0.5695569
0.1923314
0.8715473
0.8913501
0.8562829
0.4459071
0.0035901
0.0219209
0.9348341
0.9958114
0.1022588
0.8579614
0.7065685
0.1284360
0.6122372
0.4164196
0.8968765
0.5212133
0.2840158
0.1959849
0.4167584
0.8487645
0.5660275
0.1021326
0.1820456
0.7112495
0.2428932
0.4315446
0.0577252
0.7319659
0.2059494
0.7752796
0.9463164
0.4418768
0.3201722
0.6475812
0.1390631
0.2108197
0.4020824
0.6551480
0.4074903
0.0458446
0.9633830
0.2226231
0.3590275
0.4107886
0.7339030
0.4150383
0.0086034
0.5957192
0.3218815
0.0359369
0.0358905
0.2960207
0.1143722
0.3894222
0.4326916
0.6599695
0.4641369
0.9930214
0.2341693
0.2320284
0.2751393
0.2829131
0.8084890
0.0044832
0.3231472
0.0214987
0.8853181
0.9346722
0.9757372
0.3157553
0.3106624
0.0316490
0.7746385
0.5445240
0.8198480
0.6898312
0.7203078
0.5746913
0.5489805
0.4753521
0.2238653
0.3104615
0.1527961
0.6033929
0.1394728
0.0559535
0.9922317
0.1578050
0.7692055
0.9275022
0.3628522
0.0756949
0.5290645
0.5174128
0.0576120
0.7010117
0.8707150
0.3513712
0.6376913
0.8926978
0.0357549
0.8265307
0.5456487
0.5216037
0.9287746
0.6961167
0.8862644
0.0096495
0.6411228
0.4982874
0.5669607
0.0768680
0.3263059
0.4951647
0.5712866
0.2641265
0.1414791
0.5418224
0.0478555
0.7338611
0.0814222
0.9984152
0.6094957
0.8759471
0.2950504
0.9494372
0.4552915
0.2106182
0.8434650
0.5704692
0.8864055
0.3745630
0.3314574
0.3293021
0.8237675
0.7104452
0.7436483
0.8521080
0.8835225
0.3903152
0.2550958
0.9943589
0.5184450
0.9721260
0.3892579
0.6871456
0.9404287
0.3545761
0.4244298
0.6162895
0.3629963
0.6741095
0.4984146
0.3156464
0.7842641
0.6301396
0.8696014
0.5331826
0.4038295
0.9296872
0.0892022
0.4854396
0.5104521
0.8987943
0.7253613
0.4327313
0.7746587
0.0288578
0.8132790
0.4467010
0.3804264
0.6197496
0.4769717
0.6700914
0.8367393
0.6760101
0.8258907
0.5677398
0.8788300
0.0836182
0.7122279
0.9210521
0.5261613
0.0462527
0.3176996
0.6199380
0.9169528
0.1866466
0.9186405
0.2812543
0.2044053
0.5812014
0.8722687
0.5219540
0.1260406
0.3612679
0.8370378
0.8838991
0.1152123
0.5643630
0.7246216
0.4260113
0.9291361
0.1336587
0.5649735
0.0406541
0.6372705
0.9460755
0.6492764
0.8515705
0.6114903
0.7933077
0.5973356
0.5633169
0.9177590
0.1933566
0.8937941
0.4858814
0.3813741
0.7215660
0.5290738
0.3671236
0.2526567
0.4551111
0.1279765
0.0097870
0.6973502
0.0025574
0.2558457
0.9751318
0.6792275
0.5164319
0.5404204
0.6302617
0.3171743
0.4869816
0.4341141
0.1856539
0.4275740
0.7803198
0.0223989
0.8893715
0.8177450
0.9074583
0.5233331
0.3505288
0.8110355
0.5230193
0.2920389
0.1322662
0.0560915
0.6564008
0.8520474
0.8125900
0.0687724
0.7805927
0.1305900
0.4572731
0.1492652
0.7942102
0.2637168
0.7976792
0.2863157
0.8832680
0.9063201
0.6186024
0.5481104
0.2861027
0.7088638
0.1519774
0.2321170
0.5254579
0.0877837
0.6320767
0.8134656
0.1287101
0.8065164
0.9686345
0.4192475
0.8259076
0.1806579
0.3073813
0.7434861
0.3388676
0.4911305
0.1903290
0.4464865
0.6385784
0.6096445
0.6612278
0.1952476
0.3645834
0.5091261
0.1085107
0.6931952
0.8518713
0.6804560
0.9307025
0.8967531
0.8625435
0.6170671
0.8148939
0.8707929
0.8899294
0.0911190
0.7058562
0.8317071
0.8498899
0.7019103
0.2580250
0.3343410
0.2456277
0.1811476
0.0255172
0.2117256
0.5849198
0.1257046
0.9285376
0.7524415
0.8382859
0.3523375
0.0215747
0.4493952
0.2214696
0.4547325
0.7532877
0.6011826
0.7312130
0.4875973
0.4610395
0.9990577
0.5501558
0.0422559
0.4270270
0.5373019
0.4706445
0.6598694
0.4613145
0.2646268
0.4139688
0.9444234
0.0418548
0.2222022
0.3099450
0.7645481
0.5264128
0.1031608
0.1155670
0.2678701
0.1031111
0.3352354
0.7658456
0.7010599
0.0303653
0.4621455
0.4133666
0.2070592
0.2973131
0.9695944
0.8147601
0.4877098
0.4412383
0.0236454
0.5051196
0.7030908
0.8737959
0.0320615
0.7239062
0.2323282
0.0178040
0.7415816
0.6464580
0.2726186
0.9075131
0.1484930
0.0172590
0.4951135
0.9960829
0.5825796
0.0671129
0.0991423
0.6813591
0.9725049
0.5915773
0.8105086
0.2856576
0.7806910
0.5000979
0.3638148
0.7586198
0.8318855
0.1745577
0.9031299
0.0732825
0.1234948
0.9032089
0.5139033
0.1875691
0.6797901
0.4954297
0.1258874
0.7715985
0.4804022
0.2434129
0.1919280
0.6688121
0.4158862
0.6020773
0.3113490
0.2329236
0.0712626
0.2003204
0.9920064
0.2387103
0.2635655
0.7065295
0.9448295
0.8665102
0.2442128
0.9219528
0.4511130
0.1356996
0.6975749
0.3376906
0.3548510
0.9983680
0.6538987
0.3671034
0.7726411
0.6922709
0.1786865
0.2404847
0.1539287
0.6903838
0.5585766
0.4126628
0.1700226
0.7102177
0.4543314
0.1834203
0.1240733
0.4330482
0.8352415
0.1558316